6.160000000000000000e+02 2.506091279999999848e-13
6.161899999999999409e+02 2.407934958199999689e-13
6.163799999999999955e+02 2.179279291800000340e-13
6.165699999999999363e+02 2.212592273499999913e-13
6.167599999999999909e+02 2.283782101199999951e-13
6.169500000000000455e+02 2.209655780999999892e-13
6.171399999999999864e+02 2.190038546600000105e-13
6.173300000000000409e+02 2.120195191799999906e-13
6.175199999999999818e+02 1.988945467200000131e-13
6.177100000000000364e+02 2.236851452000000072e-13
6.178999999999999773e+02 2.400652721999999926e-13
6.180899999999999181e+02 2.299721282100000227e-13
6.182799999999999727e+02 2.379333106800000181e-13
6.184700000000000273e+02 2.422689238099999894e-13
6.186600000000000819e+02 2.092277187000000055e-13
6.188500000000000227e+02 2.205414310499999867e-13
6.190399999999999636e+02 2.131936617599999954e-13
6.192300000000000182e+02 2.131018122000000165e-13
6.194199999999999591e+02 2.137859993799999884e-13
6.196100000000000136e+02 2.112008842100000147e-13
6.197999999999999545e+02 2.274052397999999923e-13
6.199900000000000091e+02 2.139907884799999893e-13
6.201800000000000637e+02 2.001488308600000096e-13
6.203700000000000045e+02 2.032468601399999927e-13
6.205600000000000591e+02 2.269791284000000263e-13
6.207500000000000000e+02 2.416014867499999742e-13
6.209399999999999409e+02 2.189757328799999902e-13
6.211299999999999955e+02 2.067145485199999924e-13
6.213199999999999363e+02 2.122627942399999980e-13
6.215099999999999909e+02 2.204384098200000045e-13
6.217000000000000455e+02 1.912069435000000108e-13
6.218899999999999864e+02 1.913866474999999684e-13
6.220800000000000409e+02 1.919471385600000153e-13
6.222699999999999818e+02 1.757657619300000026e-13
6.224600000000000364e+02 1.826471928800000225e-13
6.226499999999999773e+02 1.741047703499999862e-13
6.228399999999999181e+02 1.705703395599999822e-13
6.230299999999999727e+02 1.827209923400000105e-13
6.232200000000000273e+02 1.800576062999999971e-13
6.234100000000000819e+02 1.898632559600000369e-13
6.236000000000000227e+02 1.847776687999999868e-13
6.237899999999999636e+02 1.791200509199999826e-13
6.239800000000000182e+02 2.071520003000000150e-13
6.241699999999999591e+02 1.996507612199999986e-13
6.243600000000000136e+02 1.954558980000000011e-13
6.245499999999999545e+02 1.920104029000000195e-13
6.247400000000000091e+02 2.217077312000000009e-13
6.249300000000000637e+02 2.086441292400000278e-13
6.251200000000000045e+02 2.016074511999999906e-13
6.253100000000000591e+02 2.294900206200000268e-13
6.255000000000000000e+02 2.313599400000000216e-13
6.256899999999999409e+02 2.486285582299999739e-13
6.258799999999999955e+02 2.183908119200000345e-13
6.260699999999999363e+02 2.426409413399999994e-13
6.262599999999999909e+02 2.483502918600000044e-13
6.264500000000000455e+02 2.397731110500000224e-13
6.266399999999999864e+02 2.498883660000000125e-13
6.268300000000000409e+02 2.407585078699999809e-13
6.270199999999999818e+02 2.470371017200000238e-13
6.272100000000000364e+02 2.541128770800000333e-13
6.273999999999999773e+02 2.388775307999999906e-13
6.275899999999999181e+02 2.527712863499999642e-13
6.277799999999999727e+02 2.432402665799999933e-13
6.279700000000000273e+02 2.379893265400000145e-13
6.281600000000000819e+02 2.666181148800000152e-13
6.283500000000000227e+02 2.701603391999999712e-13
6.285399999999999636e+02 2.914653117199999735e-13
6.287300000000000182e+02 2.867857585500000347e-13
6.289199999999999591e+02 2.986722212399999887e-13
6.291100000000000136e+02 2.926877655099999940e-13
6.292999999999999545e+02 2.996751772000000139e-13
6.294900000000000091e+02 2.939113989600000200e-13
6.296800000000000637e+02 3.007118698399999921e-13
6.298700000000000045e+02 3.028345674299999763e-13
6.300600000000000591e+02 2.878813446600000513e-13
6.302500000000000000e+02 3.163174329999999855e-13
6.304399999999999409e+02 2.989590610799999688e-13
6.306299999999999955e+02 3.194462571300000394e-13
6.308199999999999363e+02 3.445103574199999900e-13
6.310099999999999909e+02 3.483572736300000173e-13
6.312000000000000455e+02 3.668591207999999451e-13
6.313899999999999864e+02 3.668609514299999516e-13
6.315800000000000409e+02 3.286641267199999993e-13
6.317699999999999818e+02 3.558785680799999869e-13
6.319600000000000364e+02 3.701174853600000535e-13
6.321499999999999773e+02 3.785371093499999685e-13
6.323399999999999181e+02 3.575250360000000024e-13
6.325299999999999727e+02 3.871140527699999917e-13
6.327200000000000273e+02 3.968249005600000335e-13
6.329100000000000819e+02 3.861890238000000743e-13
6.331000000000000227e+02 3.884125478999999816e-13
6.332899999999999636e+02 4.179973648899999729e-13
6.334800000000000182e+02 4.105482523200000395e-13
6.336699999999999591e+02 4.034475502799999930e-13
6.338600000000000136e+02 4.175343576200000469e-13
6.340499999999999545e+02 4.410236222999999800e-13
6.342400000000000091e+02 4.448312006400000200e-13
6.344300000000000637e+02 4.456585256500000279e-13
6.346200000000000045e+02 4.478989305000000025e-13
6.348100000000000591e+02 4.638912163600000074e-13
6.350000000000000000e+02 4.522101700000000060e-13
6.351899999999999409e+02 4.223492644199999907e-13
6.353799999999999955e+02 4.054397902800000184e-13
6.355699999999999363e+02 4.166943101100000355e-13
6.357599999999999909e+02 4.081153240800000283e-13
6.359500000000000455e+02 3.991336671000000363e-13
6.361399999999999864e+02 4.087021380799999587e-13
6.363300000000000409e+02 4.023699125700000392e-13
6.365199999999999818e+02 3.912758457199999968e-13
6.367100000000000364e+02 4.133890611799999637e-13
6.368999999999999773e+02 4.370395062000000434e-13
6.370899999999999181e+02 4.144308675399999362e-13
6.372799999999999727e+02 3.988888467199999852e-13
6.374700000000000273e+02 4.113122182199999863e-13
6.376600000000000819e+02 4.186869183400000278e-13
6.378500000000000227e+02 3.954185234000000024e-13
6.380399999999999636e+02 3.793792220400000152e-13
6.382300000000000182e+02 3.833681670199999785e-13
6.384199999999999591e+02 3.856893130199999960e-13
6.386100000000000136e+02 3.929450349299999904e-13
6.387999999999999545e+02 3.838038160000000101e-13
6.389900000000000091e+02 3.818067488400000144e-13
6.391800000000000637e+02 3.898620883799999723e-13
6.393700000000000045e+02 4.293164951600000136e-13
6.395600000000000591e+02 4.698310089599999984e-13
6.397500000000000000e+02 4.546063500000000322e-13
6.399399999999999409e+02 4.443890546200000095e-13
6.401299999999999955e+02 4.547483520000000503e-13
6.403199999999999363e+02 4.653564019199999897e-13
6.405099999999999909e+02 4.949720367799999876e-13
6.407000000000000455e+02 5.196813804999999760e-13
6.408899999999999864e+02 4.978927005299999787e-13
6.410800000000000409e+02 5.049152490800000875e-13
6.412699999999999818e+02 5.012121431099999673e-13
6.414600000000000364e+02 4.676281887600000019e-13
6.416499999999999773e+02 4.847665750000000053e-13
6.418399999999999181e+02 4.900082551199999473e-13
6.420299999999999727e+02 4.846915600800000373e-13
6.422200000000000273e+02 4.683389349999999725e-13
6.424100000000000819e+02 5.043194736299999987e-13
6.426000000000000227e+02 5.198666130000000332e-13
6.427899999999999636e+02 5.153465978599999230e-13
6.429800000000000182e+02 5.037343222599999535e-13
6.431699999999999591e+02 5.234297547600000097e-13
6.433600000000000136e+02 5.181331927999999901e-13
6.435499999999999545e+02 5.040605374999999820e-13
6.437400000000000091e+02 5.057176378199999891e-13
6.439300000000000637e+02 5.244539399400000467e-13
6.441200000000000045e+02 5.278994960399999605e-13
6.443100000000000591e+02 5.412719448000000536e-13
6.445000000000000000e+02 5.721696985000000506e-13
6.446899999999999409e+02 5.626815638599999112e-13
6.448799999999999955e+02 5.265954655199999685e-13
6.450699999999999363e+02 5.170790810199999959e-13
6.452599999999999909e+02 5.156472690600000382e-13
6.454500000000000455e+02 5.283414883499999719e-13
6.456399999999999864e+02 5.406899267199999540e-13
6.458300000000000409e+02 5.708749701999999647e-13
6.460199999999999818e+02 5.639405749199999086e-13
6.462100000000000364e+02 5.534853271000000592e-13
6.463999999999999773e+02 5.301727552000000611e-13
6.465899999999999181e+02 5.940351647999999226e-13
6.467799999999999727e+02 5.837299452599999779e-13
6.469700000000000273e+02 5.929745307700000124e-13
6.471600000000000819e+02 6.073285963200000741e-13
6.473500000000000227e+02 5.911995083499999969e-13
6.475399999999999636e+02 5.816223706199999546e-13
6.477300000000000182e+02 6.040593956700000060e-13
6.479199999999999591e+02 5.936191206399999048e-13
6.481100000000000136e+02 5.802224218300000520e-13
6.482999999999999545e+02 5.599490277000000099e-13
6.484900000000000091e+02 5.558259669199999781e-13
6.486800000000000637e+02 5.750600094399999986e-13
6.488700000000000045e+02 5.708258630100000007e-13
6.490600000000000591e+02 5.640844157399999964e-13
6.492500000000000000e+02 5.721690922500000036e-13
6.494399999999999409e+02 5.576033390400000471e-13
6.496299999999999955e+02 5.475179084500000075e-13
6.498199999999999363e+02 5.618922059800000522e-13
6.500099999999999909e+02 6.014380027500000809e-13
6.502000000000000455e+02 6.118733108000000446e-13
6.503899999999999864e+02 6.383005506799999490e-13
6.505800000000000409e+02 6.309650130000000195e-13
6.507699999999999818e+02 6.509261848000000398e-13
6.509600000000000364e+02 6.562783432000000777e-13
6.511499999999999773e+02 6.501101134499999778e-13
6.513399999999999181e+02 6.583288781999999386e-13
6.515299999999999727e+02 6.444237622900000729e-13
6.517200000000000273e+02 6.400444361999999443e-13
6.519100000000000819e+02 6.517039964400000591e-13
6.521000000000000227e+02 6.764102879999999912e-13
6.522899999999999636e+02 6.726675395999999259e-13
6.524800000000000182e+02 6.762628960000000726e-13
6.526699999999999591e+02 7.227602312999999724e-13
6.528600000000000136e+02 7.093193328000000199e-13
6.530499999999999545e+02 6.971896494999999965e-13
6.532400000000000091e+02 7.243778360000000000e-13
6.534300000000000637e+02 7.277249909999999944e-13
6.536200000000000045e+02 7.447280917999999695e-13
6.538100000000000591e+02 7.333329103000001016e-13
6.540000000000000000e+02 7.473192599999999468e-13
6.541899999999999409e+02 7.453971697999998817e-13
6.543799999999999955e+02 7.148054491999999843e-13
6.545699999999999363e+02 6.789527324999999718e-13
6.547599999999999909e+02 6.700159080000000113e-13
6.549500000000000455e+02 6.680817474999999958e-13
6.551399999999999864e+02 6.603156059999999530e-13
6.553300000000000409e+02 6.473120374500000624e-13
6.555199999999999818e+02 6.418687960000000101e-13
6.557100000000000364e+02 6.312651312000000133e-13
6.558999999999999773e+02 6.520669203999999535e-13
6.560899999999999181e+02 6.521199994099999502e-13
6.562799999999999727e+02 6.123118651199999854e-13
6.564700000000000273e+02 6.208302436999999314e-13
6.566600000000000819e+02 6.035211028200000378e-13
6.568500000000000227e+02 6.060971710500000216e-13
6.570399999999999636e+02 6.033302651999999800e-13
6.572300000000000182e+02 6.035494252899999699e-13
6.574199999999999591e+02 5.890897374599999983e-13
6.576100000000000136e+02 5.894112397300000880e-13
6.577999999999999545e+02 5.824437476000000095e-13
6.579900000000000091e+02 5.965640015399999929e-13
6.581800000000000637e+02 6.121995452000000506e-13
6.583700000000000045e+02 6.246180035800000023e-13
6.585600000000000591e+02 6.318547334400000350e-13
6.587500000000000000e+02 6.629725875000000309e-13
6.589399999999999409e+02 6.505984785400000115e-13
6.591299999999999955e+02 6.176476534500000471e-13
6.593199999999999363e+02 6.095347467999999444e-13
6.595099999999999909e+02 5.821356272900000286e-13
6.597000000000000455e+02 5.985022697999999883e-13
6.598899999999999864e+02 6.066243390899999433e-13
6.600800000000000409e+02 6.362920369600000704e-13
6.602699999999999818e+02 6.283228360499999599e-13
6.604600000000000364e+02 6.105008242200000302e-13
6.606499999999999773e+02 6.104108707500000555e-13
6.608399999999999181e+02 6.148772563199999904e-13
6.610299999999999727e+02 6.331325509100000590e-13
6.612200000000000273e+02 6.004294168600000044e-13
6.614100000000000819e+02 6.215865039000000570e-13
6.616000000000000227e+02 6.042174471999999540e-13
6.617899999999999636e+02 5.952152495799999999e-13
6.619800000000000182e+02 5.482021875000000780e-13
6.621699999999999591e+02 5.314761827599999218e-13
6.623600000000000136e+02 5.468570008400000331e-13
6.625499999999999545e+02 5.575808784000000267e-13
6.627400000000000091e+02 5.620035200000000008e-13
6.629300000000000637e+02 5.451883285600000332e-13
6.631200000000000045e+02 5.341385181600000360e-13
6.633100000000000591e+02 5.412005987899999568e-13
6.635000000000000000e+02 5.522768315000000263e-13
6.636899999999999409e+02 5.417270071499999143e-13
6.638799999999999955e+02 5.266978284400000362e-13
6.640699999999999363e+02 5.481300187000000204e-13
6.642599999999999909e+02 5.688802351200000666e-13
6.644500000000000455e+02 5.619193849500000229e-13
6.646399999999999864e+02 5.543037782399999467e-13
6.648300000000000409e+02 5.369452956900000178e-13
6.650199999999999818e+02 4.794315385600000338e-13
6.652100000000000364e+02 4.631963663600000651e-13
6.653999999999999773e+02 4.696819055999999841e-13
6.655899999999999181e+02 4.556868752399999757e-13
6.657799999999999727e+02 4.869541551200000320e-13
6.659700000000000273e+02 4.806525260099999682e-13
6.661600000000000819e+02 4.923208848800000971e-13
6.663500000000000227e+02 4.974396038999999976e-13
6.665399999999999636e+02 5.118947215200000237e-13
6.667300000000000182e+02 5.359515772300000239e-13
6.669199999999999591e+02 5.173265093999999814e-13
6.671100000000000136e+02 5.233824847200000069e-13
6.672999999999999545e+02 5.205086805999999364e-13
6.674900000000000091e+02 5.134326405099999572e-13
6.676800000000000637e+02 5.118007564800000660e-13
6.678700000000000045e+02 4.777694868100000016e-13
6.680600000000000591e+02 4.549208014800000960e-13
6.682500000000000000e+02 4.309283632500000028e-13
6.684399999999999409e+02 4.169173914800000262e-13
6.686299999999999955e+02 4.615706674900000637e-13
6.688199999999999363e+02 4.544932869000000135e-13
6.690099999999999909e+02 4.234853370299999850e-13
6.692000000000000455e+02 4.561561647999999807e-13
6.693899999999999864e+02 4.645667008499999952e-13
6.695800000000000409e+02 4.657444476599999901e-13
6.697699999999999818e+02 4.611507101700000500e-13
6.699600000000000364e+02 4.646721967199999989e-13
6.701499999999999773e+02 4.903809221999999934e-13
6.703399999999999181e+02 4.955039322199999354e-13
6.705299999999999727e+02 4.995119940300000304e-13
6.707200000000000273e+02 4.982872780799999753e-13
6.709100000000000819e+02 4.907954886700000326e-13
6.711000000000000227e+02 4.720577798999999838e-13
6.712899999999999636e+02 4.510008161799999350e-13
6.714800000000000182e+02 4.384724111200000316e-13
6.716699999999999591e+02 4.004214438599999760e-13
6.718600000000000136e+02 3.761945698000000146e-13
6.720499999999999545e+02 3.962709222500000020e-13
6.722400000000000091e+02 4.230567657599999933e-13
6.724300000000000637e+02 4.199601046300000116e-13
6.726200000000000045e+02 3.890043960400000185e-13
6.728100000000000591e+02 4.267916410200000278e-13
6.730000000000000000e+02 4.436469839999999703e-13
6.731899999999999409e+02 4.312347429599999879e-13
6.733799999999999955e+02 4.348674572400000288e-13
6.735699999999999363e+02 4.329243196699999871e-13
6.737599999999999909e+02 4.413693958399999739e-13
6.739500000000000455e+02 4.419743881500000220e-13
6.741399999999999864e+02 4.435092904600000253e-13
6.743300000000000409e+02 4.543662513199999861e-13
6.745199999999999818e+02 4.334924193599999973e-13
6.747100000000000364e+02 4.136464838300000068e-13
6.748999999999999773e+02 4.278137107999999975e-13
6.750899999999999181e+02 4.119372176399999743e-13
6.752799999999999727e+02 4.135759112800000326e-13
6.754700000000000273e+02 4.249935655400000007e-13
6.756600000000000819e+02 4.406059939199999919e-13
6.758500000000000227e+02 4.399263095500000597e-13
6.760399999999999636e+02 4.503670313600000079e-13
6.762300000000000182e+02 4.713891133200000006e-13
6.764199999999999591e+02 4.619414228199999918e-13
6.766100000000000136e+02 4.682154732200000274e-13
6.767999999999999545e+02 4.683977136000000617e-13
6.769900000000000091e+02 4.732160099999999757e-13
6.771800000000000637e+02 4.718359998799999938e-13
6.773700000000000045e+02 4.899742347599999697e-13
6.775600000000000591e+02 5.458951856799999720e-13
6.777500000000000000e+02 5.574697074999999387e-13
6.779399999999999409e+02 4.585131940200000096e-13
6.781299999999999955e+02 4.520950302700000125e-13
6.783199999999999363e+02 4.275539141599999953e-13
6.785099999999999909e+02 4.136950106099999821e-13
6.787000000000000455e+02 3.993613326999999922e-13
6.788899999999999864e+02 4.262132520100000336e-13
6.790800000000000409e+02 4.279331272799999799e-13
6.792699999999999818e+02 4.318581293599999602e-13
6.794600000000000364e+02 4.461422689800000355e-13
6.796499999999999773e+02 4.342168309499999894e-13
6.798399999999999181e+02 4.380678209599999333e-13
6.800299999999999727e+02 4.755626597799999927e-13
6.802200000000000273e+02 4.709496367799999829e-13
6.804100000000000819e+02 4.579866926400000152e-13
6.806000000000000227e+02 4.669249494000000428e-13
6.807899999999999636e+02 4.503126302399999826e-13
6.809800000000000182e+02 4.622342424399999270e-13
6.811699999999999591e+02 4.584165112799999637e-13
6.813600000000000136e+02 4.870640637600000097e-13
6.815499999999999545e+02 4.716067011000000259e-13
6.817400000000000091e+02 4.603708411200000114e-13
6.819300000000000637e+02 4.885012374300000386e-13
6.821200000000000045e+02 4.517346521199999864e-13
6.823100000000000591e+02 4.575209235700000879e-13
6.825000000000000000e+02 4.992944775000000664e-13
6.826899999999999409e+02 5.473924477299999647e-13
6.828799999999999955e+02 5.180914956800000000e-13
6.830699999999999363e+02 4.886245615199999911e-13
6.832599999999999909e+02 4.858805344600000287e-13
6.834500000000000455e+02 5.127604128500000535e-13
6.836399999999999864e+02 4.993627870799999511e-13
6.838300000000000409e+02 4.809766173100000288e-13
6.840199999999999818e+02 5.049483521399999935e-13
6.842100000000000364e+02 5.236231761600001040e-13
6.843999999999999773e+02 5.120550763999999814e-13
6.845899999999999181e+02 5.072305303400000029e-13
6.847799999999999727e+02 4.939592052000000270e-13
6.849700000000000273e+02 4.780994704199999558e-13
6.851600000000000819e+02 4.651441614400000082e-13
6.853500000000000227e+02 4.405834156500000290e-13
6.855399999999999636e+02 4.511223391600000146e-13
6.857300000000000182e+02 4.546924769400000285e-13
6.859199999999999591e+02 4.592947756800000033e-13
6.861100000000000136e+02 4.846125290900000272e-13
6.862999999999999545e+02 4.827832254000000200e-13
6.864900000000000091e+02 4.703033151599999147e-13
6.866800000000000637e+02 4.195463730400000240e-13
6.868700000000000045e+02 3.765812855899999626e-13
6.870600000000000591e+02 3.747541287600000138e-13
6.872500000000000000e+02 3.798169594999999989e-13
6.874399999999999409e+02 4.159018874400000261e-13
6.876299999999999955e+02 4.606481504100000713e-13
6.878199999999999363e+02 4.922315048000000207e-13
6.880099999999999909e+02 4.678151515400000189e-13
6.882000000000000455e+02 4.940553390000000045e-13
6.883899999999999864e+02 5.102979998799999565e-13
6.885800000000000409e+02 4.917790159399999980e-13
6.887699999999999818e+02 4.768650881099999182e-13
6.889600000000000364e+02 4.849382752000000597e-13
6.891499999999999773e+02 4.855075533000000140e-13
6.893399999999999181e+02 5.047988566199999235e-13
6.895299999999999727e+02 5.166572441700000129e-13
6.897200000000000273e+02 4.987855021199999585e-13
6.899100000000000819e+02 5.008532727899999931e-13
6.901000000000000227e+02 4.677063037000000018e-13
6.902899999999999636e+02 5.022653583499999179e-13
6.904800000000000182e+02 5.515795908000000190e-13
6.906699999999999591e+02 5.608254213399999635e-13
6.908600000000000136e+02 5.637859750400000823e-13
6.910499999999999545e+02 5.781738929999999988e-13
6.912400000000000091e+02 5.874662125199999132e-13
6.914300000000000637e+02 5.721977365100000434e-13
6.916200000000000045e+02 5.538921764399999938e-13
6.918100000000000591e+02 5.381513890900000478e-13
6.920000000000000000e+02 5.541224599999999516e-13
6.921899999999999409e+02 5.813932232699999674e-13
6.923799999999999955e+02 6.174596373400000951e-13
6.925699999999999363e+02 6.260348001000000507e-13
6.927599999999999909e+02 6.394424193599999932e-13
6.929500000000000455e+02 6.536334029000000660e-13
6.931399999999999864e+02 6.737293074399999837e-13
6.933300000000000409e+02 6.715497313800000842e-13
6.935199999999999818e+02 7.021820647999999492e-13
6.937100000000000364e+02 6.881353464400000077e-13
6.938999999999999773e+02 6.908447582999999671e-13
6.940899999999999181e+02 6.958252249999999443e-13
6.942799999999999727e+02 7.284455188000000278e-13
6.944700000000000273e+02 7.643684054999999150e-13
6.946600000000000819e+02 7.587076520000000999e-13
6.948500000000000227e+02 7.465537884999999177e-13
6.950399999999999636e+02 7.549802495999999349e-13
6.952300000000000182e+02 7.385219720999999876e-13
6.954199999999999591e+02 7.399407883999999974e-13
6.956100000000000136e+02 7.536725666999999915e-13
6.957999999999999545e+02 7.395449459999999523e-13
6.959900000000000091e+02 7.533952551999999210e-13
6.961800000000000637e+02 7.870593372000000115e-13
6.963700000000000045e+02 7.870652288000000488e-13
6.965600000000000591e+02 7.803492024000000699e-13
6.967500000000000000e+02 8.179914675000001112e-13
6.969399999999999409e+02 8.142907571999999589e-13
6.971299999999999955e+02 7.731241413000000883e-13
6.973199999999999363e+02 7.680212747999999275e-13
6.975099999999999909e+02 7.918412523999999250e-13
6.977000000000000455e+02 8.075737959999999589e-13
6.978899999999999864e+02 8.278022234999999858e-13
6.980800000000000409e+02 8.338565600000000571e-13
6.982699999999999818e+02 8.380147751000000074e-13
6.984600000000000364e+02 8.718876179999999959e-13
6.986499999999999773e+02 8.520455939999999622e-13
6.988399999999999181e+02 8.273077571999999225e-13
6.990299999999999727e+02 8.194938399000000942e-13
6.992200000000000273e+02 8.268276499999999781e-13
6.994100000000000819e+02 8.302975874000000304e-13
6.996000000000000227e+02 8.499650280000000240e-13
6.997899999999999636e+02 8.559831280000000465e-13
6.999800000000000182e+02 8.595334411999999220e-13
7.001699999999999591e+02 8.704933541999999422e-13
7.003600000000000136e+02 8.725224952000000829e-13
7.005499999999999545e+02 8.716943650000000101e-13
7.007400000000000091e+02 8.645029379999999652e-13
7.009300000000000637e+02 8.967137676000000138e-13
7.011200000000000045e+02 9.007008191999999425e-13
7.013100000000000591e+02 8.861893422000000574e-13
7.015000000000000000e+02 9.068921850000001163e-13
7.016899999999999409e+02 9.353878544999999446e-13
7.018799999999999955e+02 9.238565688000001012e-13
7.020699999999999363e+02 9.301655222999999902e-13
7.022599999999999909e+02 9.119759038000000547e-13
7.024500000000000455e+02 9.233845740000000973e-13
7.026399999999999864e+02 9.562368287999998366e-13
7.028300000000000409e+02 9.666020989999999728e-13
7.030199999999999818e+02 9.911035355999999694e-13
7.032100000000000364e+02 1.017179200800000031e-12
7.033999999999999773e+02 1.046201989999999983e-12
7.035899999999999181e+02 1.064313557099999942e-12
7.037799999999999727e+02 1.069302218600000172e-12
7.039700000000000273e+02 1.102705647700000039e-12
7.041600000000000819e+02 1.117156881600000064e-12
7.043500000000000227e+02 1.127460088499999942e-12
7.045399999999999636e+02 1.149633144999999977e-12
7.047300000000000182e+02 1.160880587099999945e-12
7.049199999999999591e+02 1.193852512000000060e-12
7.051100000000000136e+02 1.141262841600000221e-12
7.052999999999999545e+02 9.684544830000000860e-13
7.054900000000000091e+02 8.464962862999999931e-13
7.056800000000000637e+02 7.901851800000000736e-13
7.058700000000000045e+02 7.687418408999999572e-13
7.060600000000000591e+02 7.579201070000000028e-13
7.062500000000000000e+02 7.383773124999999936e-13
7.064399999999999409e+02 7.514331635999999328e-13
7.066299999999999955e+02 7.915386607999999662e-13
7.068199999999999363e+02 8.091675359999999129e-13
7.070099999999999909e+02 8.244938517000001023e-13
7.072000000000000455e+02 8.243688960000000475e-13
7.073899999999999864e+02 8.327112123999999893e-13
7.075800000000000409e+02 8.555208264000000014e-13
7.077699999999999818e+02 8.602802795999998570e-13
7.079600000000000364e+02 8.739199832000000042e-13
7.081499999999999773e+02 8.557142969999999480e-13
7.083399999999999181e+02 8.687860933999999541e-13
7.085299999999999727e+02 8.136829373000000081e-13
7.087200000000000273e+02 7.250559959999999811e-13
7.089100000000000819e+02 6.486654103800000865e-13
7.091000000000000227e+02 6.272159684000000339e-13
7.092899999999999636e+02 6.200258534999999515e-13
7.094800000000000182e+02 6.206616177600000398e-13
7.096699999999999591e+02 6.278422103199999717e-13
7.098600000000000136e+02 6.289302811200000523e-13
7.100499999999999545e+02 6.328633047000000306e-13
7.102400000000000091e+02 6.391364531199999730e-13
7.104300000000000637e+02 6.687163921200000521e-13
7.106200000000000045e+02 6.966101267000000155e-13
7.108100000000000591e+02 7.199012598999999955e-13
7.110000000000000000e+02 7.458958800000000676e-13
7.111899999999999409e+02 7.481434323999999055e-13
7.113799999999999955e+02 7.538351584000000102e-13
7.115699999999999363e+02 7.629667011000000082e-13
7.117599999999999909e+02 7.703805536000000973e-13
7.119500000000000455e+02 7.882639205000000009e-13
7.121399999999999864e+02 7.954959870000000150e-13
7.123300000000000409e+02 7.242045411000000655e-13
7.125199999999999818e+02 5.898105181199999641e-13
7.127100000000000364e+02 5.036001732900000693e-13
7.128999999999999773e+02 5.025581421000000221e-13
7.130899999999999181e+02 5.005435422399999992e-13
7.132799999999999727e+02 4.912958515199999762e-13
7.134700000000000273e+02 5.145966587299999989e-13
7.136600000000000819e+02 5.444062534200000084e-13
7.138500000000000227e+02 5.349099343500000535e-13
7.140399999999999636e+02 5.382404958399999730e-13
7.142300000000000182e+02 5.543417579700000492e-13
7.144199999999999591e+02 5.784122924999999059e-13
7.146100000000000136e+02 5.659947021299999542e-13
7.147999999999999545e+02 5.572845276000000298e-13
7.149900000000000091e+02 5.843727668399999252e-13
7.151800000000000637e+02 6.017259903400000389e-13
7.153700000000000045e+02 6.413313511099999713e-13
7.155600000000000591e+02 6.674722213200000303e-13
7.157500000000000000e+02 6.517927272499999795e-13
7.159399999999999409e+02 6.500570533800000061e-13
7.161299999999999955e+02 6.181440804900000067e-13
7.163199999999999363e+02 6.166204334399999491e-13
7.165099999999999909e+02 6.352670806299999688e-13
7.167000000000000455e+02 6.255830622000000064e-13
7.168899999999999864e+02 6.145252768999999462e-13
7.170800000000000409e+02 6.406557648400000428e-13
7.172699999999999818e+02 6.448458135599999763e-13
7.174600000000000364e+02 6.470513454399999895e-13
7.176499999999999773e+02 6.551448379499999241e-13
7.178399999999999181e+02 6.687174909599999363e-13
7.180299999999999727e+02 6.784895239600000111e-13
7.182200000000000273e+02 6.881208362399999380e-13
7.184100000000000819e+02 6.772486990500000542e-13
7.186000000000000227e+02 6.924637993999999507e-13
7.187899999999999636e+02 7.239509121999999910e-13
7.189800000000000182e+02 7.425625439999999645e-13
7.191699999999999591e+02 7.339992853999999609e-13
7.193600000000000136e+02 7.318912512000000014e-13
7.195499999999999545e+02 6.960027262499999813e-13
7.197400000000000091e+02 6.702218879999999082e-13
7.199300000000000637e+02 6.489305034000000218e-13
7.201200000000000045e+02 6.318872969999999972e-13
7.203100000000000591e+02 6.490331645700000152e-13
7.205000000000000000e+02 6.280476015000000156e-13
7.206899999999999409e+02 6.619487201699999036e-13
7.208799999999999955e+02 6.974304944799999871e-13
7.210699999999999363e+02 7.145702750199999699e-13
7.212599999999999909e+02 7.205235935400000248e-13
7.214500000000000455e+02 7.503585014999999403e-13
7.216399999999999864e+02 7.760877379999999685e-13
7.218300000000000409e+02 7.707484191000000076e-13
7.220199999999999818e+02 7.973988879999999630e-13
7.222100000000000364e+02 8.155339762000000952e-13
7.223999999999999773e+02 8.412564719999999707e-13
7.225899999999999181e+02 8.364701839999999862e-13
7.227799999999999727e+02 8.178833923999999265e-13
7.229700000000000273e+02 8.139991526999998932e-13
7.231600000000000819e+02 7.980070600000000492e-13
7.233500000000000227e+02 8.303117645000000686e-13
7.235399999999999636e+02 8.249875433999999075e-13
7.237300000000000182e+02 8.251897087000000968e-13
7.239199999999999591e+02 8.171536567999999795e-13
7.241100000000000136e+02 8.080488312000000086e-13
7.242999999999999545e+02 8.389929049999999428e-13
7.244900000000000091e+02 8.791831047999999165e-13
7.246800000000000637e+02 9.299890907999999325e-13
7.248700000000000045e+02 9.343864247999999823e-13
7.250600000000000591e+02 9.193688293999999387e-13
7.252500000000000000e+02 9.332081850000000619e-13
7.254399999999999409e+02 8.864151359999999401e-13
7.256299999999999955e+02 9.102085031000000616e-13
7.258199999999999363e+02 9.693689010000000788e-13
7.260099999999999909e+02 9.616002449999999618e-13
7.262000000000000455e+02 9.661510039999999232e-13
7.263899999999999864e+02 9.780114959999999729e-13
7.265800000000000409e+02 9.936126815999999656e-13
7.267699999999999818e+02 1.003989148799999998e-12
7.269600000000000364e+02 1.008184476000000180e-12
7.271499999999999773e+02 9.903055850000000040e-13
7.273399999999999181e+02 9.602997285999999871e-13
7.275299999999999727e+02 9.841007298000000816e-13
7.277200000000000273e+02 1.022228283999999907e-12
7.279100000000000819e+02 9.847384853000001080e-13
7.281000000000000227e+02 1.023628509000000011e-12
7.282899999999999636e+02 1.065000315699999883e-12
7.284800000000000182e+02 1.089463694400000178e-12
7.286699999999999591e+02 1.086949752299999912e-12
7.288600000000000136e+02 1.070615165399999878e-12
7.290499999999999545e+02 1.057392248500000136e-12
7.292400000000000091e+02 1.048508564400000061e-12
7.294300000000000637e+02 1.093597927500000041e-12
7.296200000000000045e+02 1.131049627800000010e-12
7.298100000000000591e+02 1.131066836099999982e-12
7.300000000000000000e+02 1.135967599999999882e-12
7.301899999999999409e+02 1.115942075099999972e-12
7.303799999999999955e+02 1.130423733600000003e-12
7.305699999999999363e+02 1.134750546800000001e-12
7.307599999999999909e+02 1.143164406000000076e-12
7.309500000000000455e+02 1.168299313499999955e-12
7.311399999999999864e+02 1.180747231599999998e-12
7.313300000000000409e+02 1.200712220600000051e-12
7.315199999999999818e+02 1.212567552000000089e-12
7.317100000000000364e+02 1.207592232699999936e-12
7.318999999999999773e+02 1.220736009999999905e-12
7.320899999999999181e+02 1.227195146100000011e-12
7.322799999999999727e+02 1.211689070400000076e-12
7.324700000000000273e+02 1.184513860500000040e-12
7.326600000000000819e+02 1.181289697800000208e-12
7.328500000000000227e+02 1.202995260499999978e-12
7.330399999999999636e+02 1.244012862399999906e-12
7.332300000000000182e+02 1.291738623299999974e-12
7.334199999999999591e+02 1.281563439599999943e-12
7.336100000000000136e+02 1.294542878199999998e-12
7.337999999999999545e+02 1.338495227999999977e-12
7.339900000000000091e+02 1.364883764599999820e-12
7.341800000000000637e+02 1.289770714999999995e-12
7.343700000000000045e+02 1.272626491499999866e-12
7.345600000000000591e+02 1.285494691199999972e-12
7.347500000000000000e+02 1.295592022499999972e-12
7.349399999999999409e+02 1.322127662400000009e-12
7.351299999999999955e+02 1.317323554799999963e-12
7.353199999999999363e+02 1.296325040799999848e-12
7.355099999999999909e+02 1.301087769600000162e-12
7.357000000000000455e+02 1.284988333999999919e-12
7.358899999999999864e+02 1.292921935499999877e-12
7.360800000000000409e+02 1.349367134399999996e-12
7.362699999999999818e+02 1.357122314800000027e-12
7.364600000000000364e+02 1.347596601800000033e-12
7.366499999999999773e+02 1.350080554500000012e-12
7.368399999999999181e+02 1.382039209200000090e-12
7.370299999999999727e+02 1.391269420100000013e-12
7.372200000000000273e+02 1.393758643199999952e-12
7.374100000000000819e+02 1.410097524300000027e-12
7.376000000000000227e+02 1.424054816000000017e-12
7.377899999999999636e+02 1.428213882000000026e-12
7.379800000000000182e+02 1.415165207599999933e-12
7.381699999999999591e+02 1.401245965899999896e-12
7.383600000000000136e+02 1.434921440400000040e-12
7.385499999999999545e+02 1.466811998500000078e-12
7.387400000000000091e+02 1.452916895000000018e-12
7.389300000000000637e+02 1.451066398199999994e-12
7.391200000000000045e+02 1.431557180800000014e-12
7.393100000000000591e+02 1.404082765800000087e-12
7.395000000000000000e+02 1.447097970000000164e-12
7.396899999999999409e+02 1.467360037499999941e-12
7.398799999999999955e+02 1.441663578800000063e-12
7.400699999999999363e+02 1.449493701299999991e-12
7.402599999999999909e+02 1.452227262800000190e-12
7.404500000000000455e+02 1.489763186499999959e-12
7.406399999999999864e+02 1.485272049599999976e-12
7.408300000000000409e+02 1.475785218100000204e-12
7.410199999999999818e+02 1.471717591400000012e-12
7.412100000000000364e+02 1.465853956500000114e-12
7.413999999999999773e+02 1.447561258000000007e-12
7.415899999999999181e+02 1.444913956000000019e-12
7.417799999999999727e+02 1.445736637799999925e-12
7.419700000000000273e+02 1.466778233900000042e-12
7.421600000000000819e+02 1.463777011200000184e-12
7.423500000000000227e+02 1.484974669499999927e-12
7.425399999999999636e+02 1.528021088199999784e-12
7.427300000000000182e+02 1.524022541599999924e-12
7.429199999999999591e+02 1.530132890400000024e-12
7.431100000000000136e+02 1.525084653000000166e-12
7.432999999999999545e+02 1.518130786000000012e-12
7.434900000000000091e+02 1.540347712200000097e-12
7.436800000000000637e+02 1.545292671999999996e-12
7.438700000000000045e+02 1.536441168899999927e-12
7.440600000000000591e+02 1.534333566600000095e-12
7.442500000000000000e+02 1.510633995000000041e-12
7.444399999999999409e+02 1.503672022800000021e-12
7.446299999999999955e+02 1.529298755100000082e-12
7.448199999999999363e+02 1.513511480999999934e-12
7.450099999999999909e+02 1.531152002100000072e-12
7.452000000000000455e+02 1.557296603999999969e-12
7.453899999999999864e+02 1.560660312499999914e-12
7.455800000000000409e+02 1.589628750600000030e-12
7.457699999999999818e+02 1.564274948100000048e-12
7.459600000000000364e+02 1.554535882399999967e-12
7.461499999999999773e+02 1.537464459500000040e-12
7.463399999999999181e+02 1.529526805800000035e-12
7.465299999999999727e+02 1.554230668200000133e-12
7.467200000000000273e+02 1.580895846399999999e-12
7.469100000000000819e+02 1.563088433399999992e-12
7.471000000000000227e+02 1.585906525000000069e-12
7.472899999999999636e+02 1.577544135799999980e-12
7.474800000000000182e+02 1.596632229599999960e-12
7.476699999999999591e+02 1.583056644399999982e-12
7.478600000000000136e+02 1.592695006200000218e-12
7.480499999999999545e+02 1.586427037500000043e-12
7.482400000000000091e+02 1.574169759199999913e-12
7.484300000000000637e+02 1.591132242800000019e-12
7.486200000000000045e+02 1.591805678399999879e-12
7.488100000000000591e+02 1.587439759500000109e-12
7.490000000000000000e+02 1.612387280000000044e-12
7.491899999999999409e+02 1.593414751499999840e-12
7.493799999999999955e+02 1.608634095600000066e-12
7.495699999999999363e+02 1.601426322199999960e-12
7.497599999999999909e+02 1.633712044800000049e-12
7.499500000000000455e+02 1.648180113999999968e-12
7.501399999999999864e+02 1.660584918000000014e-12
7.503300000000000409e+02 1.623504027599999918e-12
7.505199999999999818e+02 1.625093450800000043e-12
7.507100000000000364e+02 1.629235884600000174e-12
7.508999999999999773e+02 1.650282965999999895e-12
7.510899999999999181e+02 1.643482561699999870e-12
7.512799999999999727e+02 1.649322548000000005e-12
7.514700000000000273e+02 1.670239766099999910e-12
7.516600000000000819e+02 1.649968865999999925e-12
7.518500000000000227e+02 1.669242332999999941e-12
7.520399999999999636e+02 1.639890903599999792e-12
7.522300000000000182e+02 1.666264672999999946e-12
7.524199999999999591e+02 1.608794347200000029e-12
7.526100000000000136e+02 1.611646580100000187e-12
7.527999999999999545e+02 1.665449552000000017e-12
7.529900000000000091e+02 1.687330111599999933e-12
7.531800000000000637e+02 1.706110867800000014e-12
7.533700000000000045e+02 1.727289067500000112e-12
7.535600000000000591e+02 1.749382004400000171e-12
7.537500000000000000e+02 1.738313325000000194e-12
7.539399999999999409e+02 1.741970830599999994e-12
7.541299999999999955e+02 1.736633187900000255e-12
7.543199999999999363e+02 1.762521482399999856e-12
7.545099999999999909e+02 1.741967417400000267e-12
7.547000000000000455e+02 1.732934593000000018e-12
7.548899999999999864e+02 1.777048804499999756e-12
7.550800000000000409e+02 1.738375379199999933e-12
7.552699999999999818e+02 1.737732768699999891e-12
7.554600000000000364e+02 1.758454023600000191e-12
7.556499999999999773e+02 1.750402772999999942e-12
7.558399999999999181e+02 1.756957638399999837e-12
7.560299999999999727e+02 1.750617706200000158e-12
7.562200000000000273e+02 1.740674758199999951e-12
7.564100000000000819e+02 1.759069275500000066e-12
7.566000000000000227e+02 1.730268540000000144e-12
7.567899999999999636e+02 1.699878994299999828e-12
7.569800000000000182e+02 1.758252585600000045e-12
7.571699999999999591e+02 1.824363256500000169e-12
7.573600000000000136e+02 1.783113236800000137e-12
7.575499999999999545e+02 1.743955855000000043e-12
7.577400000000000091e+02 1.762541127000000061e-12
7.579300000000000637e+02 1.799037806600000112e-12
7.581200000000000045e+02 1.826409635599999942e-12
7.583100000000000591e+02 1.798354914300000261e-12
7.585000000000000000e+02 1.728401535000000145e-12
7.586899999999999409e+02 1.629719228299999899e-12
7.588799999999999955e+02 1.528558862400000055e-12
7.590699999999999363e+02 1.419005457999999976e-12
7.592599999999999909e+02 1.247023809199999955e-12
7.594500000000000455e+02 1.053683713499999900e-12
7.596399999999999864e+02 9.478408099999998700e-13
7.598300000000000409e+02 8.132764422000000602e-13
7.600199999999999818e+02 7.205597616000000038e-13
7.602100000000000364e+02 6.588945326700000388e-13
7.603999999999999773e+02 6.580980652000000004e-13
7.605899999999999181e+02 6.713104246200000091e-13
7.607799999999999727e+02 7.348427274600000884e-13
7.609700000000000273e+02 8.321891823000000102e-13
7.611600000000000819e+02 9.747947771999999901e-13
7.613500000000000227e+02 1.135568752000000000e-12
7.615399999999999636e+02 1.329222377599999940e-12
7.617300000000000182e+02 1.456564871399999905e-12
7.619199999999999591e+02 1.423037983999999922e-12
7.621100000000000136e+02 1.281495586100000064e-12
7.622999999999999545e+02 1.150607997000000033e-12
7.624900000000000091e+02 1.046197279200000036e-12
7.626800000000000637e+02 9.453571136000000377e-13
7.628700000000000045e+02 9.012851327999999571e-13
7.630600000000000591e+02 9.528330219999999130e-13
7.632500000000000000e+02 9.756166799999999787e-13
7.634399999999999409e+02 1.017741863999999880e-12
7.636299999999999955e+02 1.009816675699999909e-12
7.638199999999999363e+02 1.053514011399999949e-12
7.640099999999999909e+02 1.098722780999999985e-12
7.642000000000000455e+02 1.114807318000000064e-12
7.643899999999999864e+02 1.169593138999999812e-12
7.645800000000000409e+02 1.201965634799999967e-12
7.647699999999999818e+02 1.193071790799999801e-12
7.649600000000000364e+02 1.235112065600000057e-12
7.651499999999999773e+02 1.244585338499999954e-12
7.653399999999999181e+02 1.282258289399999992e-12
7.655299999999999727e+02 1.335176183599999914e-12
7.657200000000000273e+02 1.349772929999999927e-12
7.659100000000000819e+02 1.286736459100000114e-12
7.661000000000000227e+02 1.065177778999999912e-12
7.662899999999999636e+02 9.155862807000000309e-13
7.664800000000000182e+02 9.500213008000001444e-13
7.666699999999999591e+02 1.057069262600000034e-12
7.668600000000000136e+02 1.130528017799999927e-12
7.670499999999999545e+02 1.162088420499999990e-12
7.672400000000000091e+02 1.190764152399999964e-12
7.674300000000000637e+02 1.202409323999999968e-12
7.676200000000000045e+02 1.228683276799999987e-12
7.678100000000000591e+02 1.289767238000000072e-12
7.680000000000000000e+02 1.303180799999999964e-12
7.681899999999999409e+02 1.286871888000000012e-12
7.683799999999999955e+02 1.337503698400000072e-12
7.685699999999999363e+02 1.337181143100000038e-12
7.687599999999999909e+02 1.355992701200000067e-12
7.689500000000000455e+02 1.360903089000000106e-12
7.691399999999999864e+02 1.364915844000000020e-12
7.693300000000000409e+02 1.341588427199999972e-12
7.695199999999999818e+02 1.168069798400000026e-12
7.697100000000000364e+02 1.073660781900000119e-12
7.698999999999999773e+02 1.120627945000000027e-12
7.700899999999999181e+02 1.239090211799999866e-12
7.702799999999999727e+02 1.294863788400000136e-12
7.704700000000000273e+02 1.277339098900000008e-12
7.706600000000000819e+02 1.320757108000000211e-12
7.708500000000000227e+02 1.333161949500000077e-12
7.710399999999999636e+02 1.368125665599999768e-12
7.712300000000000182e+02 1.365609248699999885e-12
7.714199999999999591e+02 1.386889732799999958e-12
7.716100000000000136e+02 1.393651117600000101e-12
7.717999999999999545e+02 1.400076071999999877e-12
7.719900000000000091e+02 1.426992635399999934e-12
7.721800000000000637e+02 1.443791276799999922e-12
7.723700000000000045e+02 1.461841527899999939e-12
7.725600000000000591e+02 1.466797867200000001e-12
7.727500000000000000e+02 1.476447060000000034e-12
7.729399999999999409e+02 1.536828872599999857e-12
7.731299999999999955e+02 1.545046185900000036e-12
7.733199999999999363e+02 1.505112715999999875e-12
7.735099999999999909e+02 1.517038752399999976e-12
7.737000000000000455e+02 1.522440438000000159e-12
7.738899999999999864e+02 1.521336178699999955e-12
7.740800000000000409e+02 1.500468931199999957e-12
7.742699999999999818e+02 1.424974250699999943e-12
7.744600000000000364e+02 1.378376163400000007e-12
7.746499999999999773e+02 1.311567661499999929e-12
7.748399999999999181e+02 1.311339215999999782e-12
7.750299999999999727e+02 1.332113813700000008e-12
7.752200000000000273e+02 1.391853244599999999e-12
7.754100000000000819e+02 1.376476815600000089e-12
7.756000000000000227e+02 1.342594624000000114e-12
7.757899999999999636e+02 1.346523187199999832e-12
7.759800000000000182e+02 1.364917780799999949e-12
7.761699999999999591e+02 1.365841872399999917e-12
7.763600000000000136e+02 1.414155267200000049e-12
7.765499999999999545e+02 1.418065720499999932e-12
7.767400000000000091e+02 1.418490355399999775e-12
7.769300000000000637e+02 1.450466155600000001e-12
7.771200000000000045e+02 1.474328750399999911e-12
7.773100000000000591e+02 1.467514641400000003e-12
7.775000000000000000e+02 1.472530575000000117e-12
7.776899999999999409e+02 1.460945103300000045e-12
7.778799999999999955e+02 1.444204229200000130e-12
7.780699999999999363e+02 1.404525279799999820e-12
7.782599999999999909e+02 1.395692571000000082e-12
7.784500000000000455e+02 1.409881932999999894e-12
7.786399999999999864e+02 1.402976911200000021e-12
7.788300000000000409e+02 1.450913560200000034e-12
7.790199999999999818e+02 1.445471609999999899e-12
7.792100000000000364e+02 1.437011289900000014e-12
7.793999999999999773e+02 1.465950077999999977e-12
7.795899999999999181e+02 1.478398884199999908e-12
7.797799999999999727e+02 1.453548908999999888e-12
7.799700000000000273e+02 1.471179414000000015e-12
7.801600000000000819e+02 1.519782886400000099e-12
7.803500000000000227e+02 1.551460655999999917e-12
7.805399999999999636e+02 1.566754525799999924e-12
7.807300000000000182e+02 1.553894726300000016e-12
7.809199999999999591e+02 1.560934132800000007e-12
7.811100000000000136e+02 1.579388797800000183e-12
7.812999999999999545e+02 1.600368042000000113e-12
7.814900000000000091e+02 1.577773605699999929e-12
7.816800000000000637e+02 1.587904752000000184e-12
7.818700000000000045e+02 1.579674510599999912e-12
7.820600000000000591e+02 1.555532981200000043e-12
7.822500000000000000e+02 1.542057247500000102e-12
7.824399999999999409e+02 1.534145756800000038e-12
7.826299999999999955e+02 1.504840963999999981e-12
7.828199999999999363e+02 1.455841666800000000e-12
7.830099999999999909e+02 1.461151470700000068e-12
7.832000000000000455e+02 1.489850031999999952e-12
7.833899999999999864e+02 1.498679907299999945e-12
7.835800000000000409e+02 1.500038537200000112e-12
7.837699999999999818e+02 1.532246836899999869e-12
7.839600000000000364e+02 1.501212843600000053e-12
7.841499999999999773e+02 1.536871267999999841e-12
7.843399999999999181e+02 1.570742814199999984e-12
7.845299999999999727e+02 1.581251596200000188e-12
7.847200000000000273e+02 1.583031350400000131e-12
7.849100000000000819e+02 1.582920147900000036e-12
7.851000000000000227e+02 1.607782737000000022e-12
7.852899999999999636e+02 1.631290769899999811e-12
7.854800000000000182e+02 1.615889455999999991e-12
7.856699999999999591e+02 1.592160254999999938e-12
7.858600000000000136e+02 1.557236600199999986e-12
7.860499999999999545e+02 1.553572801499999966e-12
7.862400000000000091e+02 1.565160105600000049e-12
7.864300000000000637e+02 1.571247818499999955e-12
7.866200000000000045e+02 1.621491270800000052e-12
7.868100000000000591e+02 1.614793767300000231e-12
7.870000000000000000e+02 1.599160389999999966e-12
7.871899999999999409e+02 1.627412990300000050e-12
7.873799999999999955e+02 1.619506805400000034e-12
7.875699999999999363e+02 1.658102623800000112e-12
7.877599999999999909e+02 1.651893332000000023e-12
7.879500000000000455e+02 1.684455871500000026e-12
7.881399999999999864e+02 1.700356880200000087e-12
7.883300000000000409e+02 1.701176723500000002e-12
7.885199999999999818e+02 1.716284746800000050e-12
7.887100000000000364e+02 1.707533488700000052e-12
7.888999999999999773e+02 1.713506577999999984e-12
7.890899999999999181e+02 1.745577552599999836e-12
7.892799999999999727e+02 1.754837795199999915e-12
7.894700000000000273e+02 1.735768215499999867e-12
7.896600000000000819e+02 1.707039608400000072e-12
7.898500000000000227e+02 1.706147086499999921e-12
7.900399999999999636e+02 1.741335064400000048e-12
7.902300000000000182e+02 1.717857290099999879e-12
7.904199999999999591e+02 1.671856862999999896e-12
7.906100000000000136e+02 1.681572127300000016e-12
7.907999999999999545e+02 1.668255863999999989e-12
7.909900000000000091e+02 1.647592620499999891e-12
7.911800000000000637e+02 1.659721580400000051e-12
7.913700000000000045e+02 1.694797991999999915e-12
7.915600000000000591e+02 1.698624435200000096e-12
7.917500000000000000e+02 1.681732422500000009e-12
7.919399999999999409e+02 1.708998600600000070e-12
7.921299999999999955e+02 1.704917241600000062e-12
7.923199999999999363e+02 1.691983513599999999e-12
7.925099999999999909e+02 1.713580972200000101e-12
7.927000000000000455e+02 1.725232280000000055e-12
7.928899999999999864e+02 1.749614860699999889e-12
7.930800000000000409e+02 1.809959245200000218e-12
7.932699999999999818e+02 1.777353165799999797e-12
7.934600000000000364e+02 1.745707215200000163e-12
7.936499999999999773e+02 1.765585535999999847e-12
7.938399999999999181e+02 1.744725367199999979e-12
7.940299999999999727e+02 1.732732266000000013e-12
7.942200000000000273e+02 1.691625062399999912e-12
7.944100000000000819e+02 1.718570985300000051e-12
7.946000000000000227e+02 1.759594023999999909e-12
7.947899999999999636e+02 1.751057484299999876e-12
7.949800000000000182e+02 1.812697496400000227e-12
7.951699999999999591e+02 1.847346895700000164e-12
7.953600000000000136e+02 1.859989127999999838e-12
7.955499999999999545e+02 1.837919387499999958e-12
7.957400000000000091e+02 1.850270562799999862e-12
7.959300000000000637e+02 1.848627018000000090e-12
7.961200000000000045e+02 1.856663296800000277e-12
7.963100000000000591e+02 1.795894053699999933e-12
7.965000000000000000e+02 1.901285324999999997e-12
7.966899999999999409e+02 1.909442856799999804e-12
7.968799999999999955e+02 1.934179167200000321e-12
7.970699999999999363e+02 1.899561282600000127e-12
7.972599999999999909e+02 1.904486715400000127e-12
7.974500000000000455e+02 1.897723663000000196e-12
7.976399999999999864e+02 1.879558896000000017e-12
7.978300000000000409e+02 1.860627321300000107e-12
7.980199999999999818e+02 1.914904851400000180e-12
7.982100000000000364e+02 1.905582697200000077e-12
7.983999999999999773e+02 1.863904720000000225e-12
7.985899999999999181e+02 1.853136080899999887e-12
7.987799999999999727e+02 1.869432760800000076e-12
7.989700000000000273e+02 1.873528722099999755e-12
7.991600000000000819e+02 1.927382121599999934e-12
7.993500000000000227e+02 1.893380377499999891e-12
7.995399999999999636e+02 1.887266197599999796e-12
7.997300000000000182e+02 1.923110731000000098e-12
7.999199999999999591e+02 1.946357344800000047e-12
8.001100000000000136e+02 1.964838128099999967e-12
8.002999999999999545e+02 1.943192424000000142e-12
8.004900000000000091e+02 1.946543528099999820e-12
8.006800000000000637e+02 1.917236266800000147e-12
8.008700000000000045e+02 1.941637236700000243e-12
8.010600000000000591e+02 1.979154910200000186e-12
8.012500000000000000e+02 2.021313374999999926e-12
8.014399999999999409e+02 2.004441511999999970e-12
8.016299999999999955e+02 2.005622145899999847e-12
8.018199999999999363e+02 1.991303933599999778e-12
8.020099999999999909e+02 1.983242408400000249e-12
8.022000000000000455e+02 1.996555470000000098e-12
8.023899999999999864e+02 2.027013665799999852e-12
8.025800000000000409e+02 1.992220256600000103e-12
8.027699999999999818e+02 2.024409330600000093e-12
8.029600000000000364e+02 2.052775269599999931e-12
8.031499999999999773e+02 2.058441324000000253e-12
8.033399999999999181e+02 2.064824801999999962e-12
8.035299999999999727e+02 2.071580693000000166e-12
8.037200000000000273e+02 2.086232078399999966e-12
8.039100000000000819e+02 2.084152753200000032e-12
8.041000000000000227e+02 2.051460124999999895e-12
8.042899999999999636e+02 2.047746468699999815e-12
8.044800000000000182e+02 2.061874195199999727e-12
8.046699999999999591e+02 2.076748662900000034e-12
8.048600000000000136e+02 2.131703904400000389e-12
8.050499999999999545e+02 2.144782007999999765e-12
8.052400000000000091e+02 2.126493896799999687e-12
8.054300000000000637e+02 2.157940273199999804e-12
8.056200000000000045e+02 2.136995668200000023e-12
8.058100000000000591e+02 2.127692956400000080e-12
8.060000000000000000e+02 2.168510759999999728e-12
8.061899999999999409e+02 2.165571454199999927e-12
8.063799999999999955e+02 2.134374966800000226e-12
8.065699999999999363e+02 2.132038743800000153e-12
8.067599999999999909e+02 2.142439923599999907e-12
8.069500000000000455e+02 2.162981057999999684e-12
8.071399999999999864e+02 2.170246103400000031e-12
8.073300000000000409e+02 2.175092339400000253e-12
8.075199999999999818e+02 2.199490675199999930e-12
8.077100000000000364e+02 2.199636643000000011e-12
8.078999999999999773e+02 2.197342578000000185e-12
8.080899999999999181e+02 2.234756733199999931e-12
8.082799999999999727e+02 2.206539737600000256e-12
8.084700000000000273e+02 2.230690000500000044e-12
8.086600000000000819e+02 2.244193232000000380e-12
8.088500000000000227e+02 2.217624044999999665e-12
8.090399999999999636e+02 2.229592884000000157e-12
8.092300000000000182e+02 2.262178188100000106e-12
8.094199999999999591e+02 2.266424565200000074e-12
8.096100000000000136e+02 2.229779285399999874e-12
8.097999999999999545e+02 2.225144146000000047e-12
8.099900000000000091e+02 2.228533586900000067e-12
8.101800000000000637e+02 2.247739086599999777e-12
8.103700000000000045e+02 2.233096090500000319e-12
8.105600000000000591e+02 2.238175011200000051e-12
8.107500000000000000e+02 2.274769920000000125e-12
8.109399999999999409e+02 2.279600996399999581e-12
8.111299999999999955e+02 2.324098343800000216e-12
8.113199999999999363e+02 2.263477328399999927e-12
8.115099999999999909e+02 2.234744353100000219e-12
8.117000000000000455e+02 2.223059609000000312e-12
8.118899999999999864e+02 2.297949099299999824e-12
8.120800000000000409e+02 2.276991112000000228e-12
8.122699999999999818e+02 2.297408222599999861e-12
8.124600000000000364e+02 2.325228021599999956e-12
8.126499999999999773e+02 2.297849139999999774e-12
8.128399999999999181e+02 2.271237528000000014e-12
8.130299999999999727e+02 2.249214973799999947e-12
8.132200000000000273e+02 2.282594689200000098e-12
8.134100000000000819e+02 2.284575862400000387e-12
8.136000000000000227e+02 2.265469199999999981e-12
8.137899999999999636e+02 2.253327544700000018e-12
8.139800000000000182e+02 2.250858194999999891e-12
8.141699999999999591e+02 2.246897515799999720e-12
8.143600000000000136e+02 2.263375178800000320e-12
8.145499999999999545e+02 2.210297716000000167e-12
8.147400000000000091e+02 2.230880330999999878e-12
8.149300000000000637e+02 2.230732336900000285e-12
8.151200000000000045e+02 2.225750369599999865e-12
8.153100000000000591e+02 2.250622489500000117e-12
8.155000000000000000e+02 2.210869430000000165e-12
8.156899999999999409e+02 2.192958094299999870e-12
8.158799999999999955e+02 2.148579186000000103e-12
8.160699999999999363e+02 2.133476283099999928e-12
8.162599999999999909e+02 2.186017743400000132e-12
8.164500000000000455e+02 2.220090840000000085e-12
8.166399999999999864e+02 2.226250470400000148e-12
8.168300000000000409e+02 2.278914858500000137e-12
8.170199999999999818e+02 2.301234872399999948e-12
8.172100000000000364e+02 2.312091392500000335e-12
8.173999999999999773e+02 2.244539530000000018e-12
8.175899999999999181e+02 2.105081676599999859e-12
8.177799999999999727e+02 1.945596753600000140e-12
8.179700000000000273e+02 1.815239023999999921e-12
8.181600000000000819e+02 1.789005019200000006e-12
8.183500000000000227e+02 1.918106014499999849e-12
8.185399999999999636e+02 2.061427506799999989e-12
8.187300000000000182e+02 2.093345238599999802e-12
8.189199999999999591e+02 1.945287135600000108e-12
8.191100000000000136e+02 1.721081167600000078e-12
8.192999999999999545e+02 1.653036066000000032e-12
8.194900000000000091e+02 1.751176375899999915e-12
8.196799999999999500e+02 1.943977678399999724e-12
8.198700000000001182e+02 2.121839957400000316e-12
8.200600000000000591e+02 2.247915669600000076e-12
8.202500000000000000e+02 2.299406824999999978e-12
8.204399999999999409e+02 2.334020529599999940e-12
8.206299999999998818e+02 2.314110949599999876e-12
8.208200000000000500e+02 2.247454409199999906e-12
8.210099999999999909e+02 2.279370062999999829e-12
8.212000000000000455e+02 2.302882947999999725e-12
8.213899999999999864e+02 2.273541808799999976e-12
8.215799999999999272e+02 2.295790288799999574e-12
8.217700000000000955e+02 2.269046670900000139e-12
8.219600000000000364e+02 2.256576105600000058e-12
8.221499999999999773e+02 2.271633336000000040e-12
8.223399999999999181e+02 2.184760018399999893e-12
8.225299999999999727e+02 2.088773808499999697e-12
8.227200000000000273e+02 2.069601523200000520e-12
8.229100000000000819e+02 2.112360595400000187e-12
8.231000000000000227e+02 2.212640958000000043e-12
8.232899999999999636e+02 2.268567362100000001e-12
8.234799999999999045e+02 2.326948609999999981e-12
8.236700000000000728e+02 2.373470998600000201e-12
8.238600000000000136e+02 2.358241579800000208e-12
8.240499999999999545e+02 2.328056617000000000e-12
8.242400000000000091e+02 2.358678153600000234e-12
8.244299999999999500e+02 2.414450430899999731e-12
8.246200000000001182e+02 2.466974423000000132e-12
8.248100000000000591e+02 2.459302984600000031e-12
8.250000000000000000e+02 2.357247750000000193e-12
8.251899999999999409e+02 2.316910718699999881e-12
8.253799999999998818e+02 2.281284289599999732e-12
8.255700000000000500e+02 2.339970840900000552e-12
8.257599999999999909e+02 2.370443171200000080e-12
8.259500000000000455e+02 2.375110079499999864e-12
8.261399999999999864e+02 2.403183430199999656e-12
8.263299999999999272e+02 2.394010222799999608e-12
8.265200000000000955e+02 2.410165380800000396e-12
8.267100000000000364e+02 2.402873950500000082e-12
8.268999999999999773e+02 2.318933552999999627e-12
8.270899999999999181e+02 2.269253749400000012e-12
8.272799999999999727e+02 2.290192315199999996e-12
8.274700000000000273e+02 2.278753083600000047e-12
8.276600000000000819e+02 2.298726330800000361e-12
8.278500000000000227e+02 2.291513635499999939e-12
8.280399999999999636e+02 2.260855574799999998e-12
8.282299999999999045e+02 2.335774245999999604e-12
8.284200000000000728e+02 2.323892068199999905e-12
8.286100000000000136e+02 2.213383031999999914e-12
8.287999999999999545e+02 2.251178272000000014e-12
8.289900000000000091e+02 2.251188664199999803e-12
8.291799999999999500e+02 2.309556512999999693e-12
8.293700000000001182e+02 2.355286394500000271e-12
8.295600000000000591e+02 2.354838789600000133e-12
8.297500000000000000e+02 2.267607180000000097e-12
8.299399999999999409e+02 2.296883848200000062e-12
8.301299999999998818e+02 2.220083069399999497e-12
8.303200000000000500e+02 2.197126358400000402e-12
8.305099999999999909e+02 2.242908526400000096e-12
8.307000000000000455e+02 2.321283158999999897e-12
8.308899999999999864e+02 2.320077529199999998e-12
8.310799999999999272e+02 2.351200117199999429e-12
8.312700000000000955e+02 2.325137004300000077e-12
8.314600000000000364e+02 2.280520173400000213e-12
8.316499999999999773e+02 2.316444644000000222e-12
8.318399999999999181e+02 2.300170694399999655e-12
8.320299999999999727e+02 2.302826071599999653e-12
8.322200000000000273e+02 2.282263483600000129e-12
8.324100000000000819e+02 2.263431003300000250e-12
8.326000000000000227e+02 2.273106237999999624e-12
8.327899999999999636e+02 2.314548263299999848e-12
8.329799999999999045e+02 2.285872045799999936e-12
8.331700000000000728e+02 2.269613401900000347e-12
8.333600000000000136e+02 2.275272806400000058e-12
8.335499999999999545e+02 2.250101540999999842e-12
8.337400000000000091e+02 2.326618169199999975e-12
8.339299999999999500e+02 2.414277385799999442e-12
8.341200000000001182e+02 2.387067933600000393e-12
8.343100000000000591e+02 2.362131844400000188e-12
8.345000000000000000e+02 2.320986504999999627e-12
8.346899999999999409e+02 2.389174921500000134e-12
8.348799999999998818e+02 2.386471084799999530e-12
8.350700000000000500e+02 2.297043750400000208e-12
8.352599999999999909e+02 2.363309701800000127e-12
8.354500000000000455e+02 2.370756465000000188e-12
8.356399999999999864e+02 2.383972286799999716e-12
8.358299999999999272e+02 2.335492902599999751e-12
8.360200000000000955e+02 2.300426072799999948e-12
8.362100000000000364e+02 2.310147194399999981e-12
8.363999999999999773e+02 2.334174936000000009e-12
8.365899999999999181e+02 2.337507753100000019e-12
8.367799999999999727e+02 2.393266110199999808e-12
8.369700000000000273e+02 2.402982718500000089e-12
8.371600000000000819e+02 2.317108191200000057e-12
8.373500000000000227e+02 2.288435682499999983e-12
8.375399999999999636e+02 2.286902970000000139e-12
8.377299999999999045e+02 2.276899876199999609e-12
8.379200000000000728e+02 2.230903345600000171e-12
8.381100000000000136e+02 2.232096457499999884e-12
8.382999999999999545e+02 2.248236769999999630e-12
8.384900000000000091e+02 2.225033833800000173e-12
8.386799999999999500e+02 2.227945033200000112e-12
8.388700000000001182e+02 2.337343481000000417e-12
8.390600000000000591e+02 2.369857845199999882e-12
8.392500000000000000e+02 2.324202164999999687e-12
8.394399999999999409e+02 2.354436128799999877e-12
8.396299999999998818e+02 2.409637344400000081e-12
8.398200000000000500e+02 2.392865533200000470e-12
8.400099999999999909e+02 2.401344987100000412e-12
8.402000000000000455e+02 2.457265724000000078e-12
8.403899999999999864e+02 2.433811459499999835e-12
8.405799999999999272e+02 2.404361408799999788e-12
8.407700000000000955e+02 2.329016976999999913e-12
8.409600000000000364e+02 2.330695411200000376e-12
8.411499999999999773e+02 2.361940788499999949e-12
8.413399999999999181e+02 2.435948528799999771e-12
8.415299999999999727e+02 2.527005191099999686e-12
8.417200000000000273e+02 2.431745914400000421e-12
8.419100000000000819e+02 2.377444391699999992e-12
8.421000000000000227e+02 2.338865382000000046e-12
8.422899999999999636e+02 2.279135665199999753e-12
8.424799999999999045e+02 2.261174195999999873e-12
8.426700000000000728e+02 2.276068523400000021e-12
8.428600000000000136e+02 2.309006541399999971e-12
8.430499999999999545e+02 2.174487295500000156e-12
8.432400000000000091e+02 2.039249454000000181e-12
8.434299999999999500e+02 2.079206767399999574e-12
8.436200000000001182e+02 2.192644305800000112e-12
8.438100000000000591e+02 2.268929147100000113e-12
8.440000000000000000e+02 2.224024400000000166e-12
8.441899999999999409e+02 2.198397388500000079e-12
8.443799999999998818e+02 2.212697789999999908e-12
8.445700000000000500e+02 2.267011685400000284e-12
8.447599999999999909e+02 2.243032094799999747e-12
8.449500000000000455e+02 2.179531625999999799e-12
8.451399999999999864e+02 2.130724710999999974e-12
8.453299999999999272e+02 2.155667579699999907e-12
8.455200000000000955e+02 2.175032558400000269e-12
8.457100000000000364e+02 2.138064822300000326e-12
8.458999999999999773e+02 2.233675080999999622e-12
8.460899999999999181e+02 2.200730855399999566e-12
8.462799999999999727e+02 2.119271301600000009e-12
8.464700000000000273e+02 2.033864257200000184e-12
8.466600000000000819e+02 1.992377245199999815e-12
8.468500000000000227e+02 2.070014734499999984e-12
8.470399999999999636e+02 2.162052659200000088e-12
8.472299999999999045e+02 2.166545028299999742e-12
8.474200000000000728e+02 2.191707768599999886e-12
8.476100000000000136e+02 2.225433959400000104e-12
8.477999999999999545e+02 2.229391836000000356e-12
8.479900000000000091e+02 2.226126388199999838e-12
8.481799999999999500e+02 2.196591118600000079e-12
8.483700000000001182e+02 2.222729400000000220e-12
8.485600000000000591e+02 2.221708277599999963e-12
8.487500000000000000e+02 2.200851187499999734e-12
8.489399999999999409e+02 2.237890734000000001e-12
8.491299999999998818e+02 2.203993336699999713e-12
8.493200000000000500e+02 2.048041754800000278e-12
8.495099999999999909e+02 1.991005082100000178e-12
8.497000000000000455e+02 2.044063810999999902e-12
8.498899999999999864e+02 2.175233962699999668e-12
8.500799999999999272e+02 2.218411271999999655e-12
8.502700000000000955e+02 2.141813124599999937e-12
8.504600000000000364e+02 2.097319406000000062e-12
8.506499999999999773e+02 2.198887717500000272e-12
8.508399999999999181e+02 2.122114077599999980e-12
8.510299999999999727e+02 2.151318736999999858e-12
8.512200000000000273e+02 2.151501111000000155e-12
8.514100000000000819e+02 2.143101139199999821e-12
8.516000000000000227e+02 2.166248983999999914e-12
8.517899999999999636e+02 2.172498912899999645e-12
8.519799999999999045e+02 2.198841102799999687e-12
8.521700000000000728e+02 2.229702805000000328e-12
8.523600000000000136e+02 2.215189880400000135e-12
8.525499999999999545e+02 2.260348763999999800e-12
8.527400000000000091e+02 2.232874107800000056e-12
8.529299999999999500e+02 2.199749116499999959e-12
8.531200000000001182e+02 2.215424672000000234e-12
8.533100000000000591e+02 2.241150450200000251e-12
8.535000000000000000e+02 2.193588884999999989e-12
8.536899999999999409e+02 2.035051832699999898e-12
8.538799999999998818e+02 1.864651911200000071e-12
8.540700000000000500e+02 1.928968339200000207e-12
8.542599999999999909e+02 2.055221420999999941e-12
8.544500000000000455e+02 2.173977135000000034e-12
8.546399999999999864e+02 2.313407923199999601e-12
8.548299999999999272e+02 2.329454491499999571e-12
8.550200000000000955e+02 2.332426158399999923e-12
8.552100000000000364e+02 2.320920210599999951e-12
8.553999999999999773e+02 2.327098592000000304e-12
8.555899999999999181e+02 2.332749023200000030e-12
8.557799999999999727e+02 2.294508778199999680e-12
8.559700000000000273e+02 2.325567773600000128e-12
8.561600000000000819e+02 2.340698632000000107e-12
8.563500000000000227e+02 2.322421200000000000e-12
8.565399999999999636e+02 2.328161374000000065e-12
8.567299999999999045e+02 2.312939682899999600e-12
8.569200000000000728e+02 2.315997684000000217e-12
8.571100000000000136e+02 2.346158631899999968e-12
8.572999999999999545e+02 2.388703563000000132e-12
8.574900000000000091e+02 2.406228413699999790e-12
8.576799999999999500e+02 2.363963346399999581e-12
8.578700000000001182e+02 2.324621811200000123e-12
8.580600000000000591e+02 2.340993614400000111e-12
8.582500000000000000e+02 2.357123547500000066e-12
8.584399999999999409e+02 2.399837695200000037e-12
8.586299999999998818e+02 2.393242226400000037e-12
8.588200000000000500e+02 2.377703287400000544e-12
8.590099999999999909e+02 2.348524749900000093e-12
8.592000000000000455e+02 2.378067983999999943e-12
8.593899999999999864e+02 2.379066524799999898e-12
8.595799999999999272e+02 2.353091654199999631e-12
8.597700000000000955e+02 2.399549288400000175e-12
8.599600000000000364e+02 2.449226277199999855e-12
8.601499999999999773e+02 2.437716709000000068e-12
8.603399999999999181e+02 2.424532757400000110e-12
8.605299999999999727e+02 2.446047919699999842e-12
8.607200000000000273e+02 2.414827424800000257e-12
8.609100000000000819e+02 2.424709969500000236e-12
8.611000000000000227e+02 2.451345036000000061e-12
8.612899999999999636e+02 2.430827379899999998e-12
8.614799999999999045e+02 2.425807072799999735e-12
8.616700000000000728e+02 2.458068775600000330e-12
8.618600000000000136e+02 2.472684958600000082e-12
8.620499999999999545e+02 2.447032370999999806e-12
8.622400000000000091e+02 2.458772206399999889e-12
8.624299999999999500e+02 2.468869736699999632e-12
8.626200000000001182e+02 2.436358049400000439e-12
8.628100000000000591e+02 2.452054251400000225e-12
8.630000000000000000e+02 2.494751770000000019e-12
8.631899999999999409e+02 2.456258936400000105e-12
8.633799999999998818e+02 2.469603518199999725e-12
8.635700000000000500e+02 2.440336555900000325e-12
8.637599999999999909e+02 2.449027365600000112e-12
8.639500000000000455e+02 2.459752045000000024e-12
8.641399999999999864e+02 2.448938194399999809e-12
8.643299999999999272e+02 2.438179853699999813e-12
8.645200000000000955e+02 2.483549830000000401e-12
8.647100000000000364e+02 2.491341922300000152e-12
8.648999999999999773e+02 2.469696003000000290e-12
8.650899999999999181e+02 2.531971364700000075e-12
8.652799999999999727e+02 2.506889215999999873e-12
8.654700000000000273e+02 2.459025292200000235e-12
8.656600000000000819e+02 2.310282064600000040e-12
8.658500000000000227e+02 2.107297071500000157e-12
8.660399999999999636e+02 2.109933251999999871e-12
8.662299999999999045e+02 2.256225969499999840e-12
8.664200000000000728e+02 2.414054060800000176e-12
8.666100000000000136e+02 2.502371039400000104e-12
8.667999999999999545e+02 2.478380564000000062e-12
8.669900000000000091e+02 2.477909439399999908e-12
8.671799999999999500e+02 2.449349909999999482e-12
8.673700000000001182e+02 2.441872066200000240e-12
8.675600000000000591e+02 2.537665053600000290e-12
8.677500000000000000e+02 2.520397229999999900e-12
8.679399999999999409e+02 2.499944940799999866e-12
8.681299999999998818e+02 2.536102894199999907e-12
8.683200000000000500e+02 2.386334390400000008e-12
8.685099999999999909e+02 2.324176185500000183e-12
8.687000000000000455e+02 2.340746897999999988e-12
8.688899999999999864e+02 2.394261150599999775e-12
8.690799999999999272e+02 2.459774505600000127e-12
8.692700000000000955e+02 2.461433624700000430e-12
8.694600000000000364e+02 2.468675167200000227e-12
8.696499999999999773e+02 2.474293394000000085e-12
8.698399999999999181e+02 2.512837283999999781e-12
8.700299999999999727e+02 2.529568723499999811e-12
8.702200000000000273e+02 2.541773384800000408e-12
8.704100000000000819e+02 2.543207458499999899e-12
8.706000000000000227e+02 2.534290481999999748e-12
8.707899999999999636e+02 2.496345940399999946e-12
8.709799999999999045e+02 2.454395510600000017e-12
8.711700000000000728e+02 2.506338666599999907e-12
8.713600000000000136e+02 2.547978630400000462e-12
8.715499999999999545e+02 2.507614944499999856e-12
8.717400000000000091e+02 2.533320026999999904e-12
8.719299999999999500e+02 2.561634427699999905e-12
8.721200000000001182e+02 2.521098332400000243e-12
8.723100000000000591e+02 2.584567298999999849e-12
8.725000000000000000e+02 2.641371599999999795e-12
8.726899999999999409e+02 2.578458600899999871e-12
8.728799999999998818e+02 2.546051299200000009e-12
8.730700000000000500e+02 2.498927146100000231e-12
8.732599999999999909e+02 2.467518386400000287e-12
8.734500000000000455e+02 2.498722087500000074e-12
8.736399999999999864e+02 2.546695545600000038e-12
8.738299999999999272e+02 2.520955858499999954e-12
8.740200000000000955e+02 2.586268881000000417e-12
8.742100000000000364e+02 2.632797062300000178e-12
8.743999999999999773e+02 2.578745503999999793e-12
8.745899999999999181e+02 2.617752820799999975e-12
8.747799999999999727e+02 2.571853199999999618e-12
8.749700000000000273e+02 2.625373734100000398e-12
8.751600000000000819e+02 2.609429565600000174e-12
8.753500000000000227e+02 2.587429557999999903e-12
8.755399999999999636e+02 2.654164488399999807e-12
8.757299999999999045e+02 2.641490670899999597e-12
8.759200000000000728e+02 2.692648153600000274e-12
8.761100000000000136e+02 2.731045136399999813e-12
8.762999999999999545e+02 2.628505664999999916e-12
8.764900000000000091e+02 2.639356807199999716e-12
8.766799999999999500e+02 2.691056927999999792e-12
8.768700000000001182e+02 2.681407079100000182e-12
8.770600000000000591e+02 2.683698352800000135e-12
8.772500000000000000e+02 2.689718679999999858e-12
8.774399999999999409e+02 2.701111295999999654e-12
8.776299999999998818e+02 2.661316435699999832e-12
8.778200000000000500e+02 2.599339136600000045e-12
8.780099999999999909e+02 2.635996742400000058e-12
8.782000000000000455e+02 2.620706875999999828e-12
8.783899999999999864e+02 2.660248034499999870e-12
8.785799999999999272e+02 2.668229888399999736e-12
8.787700000000000955e+02 2.670371125200000300e-12
8.789600000000000364e+02 2.698161091200000395e-12
8.791499999999999773e+02 2.675139160500000235e-12
8.793399999999999181e+02 2.742538352399999925e-12
8.795299999999999727e+02 2.721468111899999853e-12
8.797200000000000273e+02 2.625225235200000265e-12
8.799100000000000819e+02 2.617705852700000104e-12
8.801000000000000227e+02 2.543260173999999941e-12
8.802899999999999636e+02 2.467338432299999936e-12
8.804799999999999045e+02 2.535254111999999690e-12
8.806700000000000728e+02 2.626941736300000347e-12
8.808600000000000136e+02 2.725926973200000207e-12
8.810499999999999545e+02 2.780065170000000087e-12
8.812400000000000091e+02 2.798738928399999925e-12
8.814299999999999500e+02 2.817041465699999814e-12
8.816200000000001182e+02 2.741582530200000199e-12
8.818100000000000591e+02 2.668154243699999923e-12
8.820000000000000000e+02 2.585371320000000034e-12
8.821899999999999409e+02 2.599628670100000098e-12
8.823799999999998818e+02 2.673434923999999895e-12
8.825700000000000500e+02 2.713020180000000028e-12
8.827599999999999909e+02 2.792717191200000116e-12
8.829500000000000455e+02 2.776180219499999891e-12
8.831399999999999864e+02 2.704430790599999567e-12
8.833299999999999272e+02 2.715877584699999842e-12
8.835200000000000955e+02 2.744336812800000167e-12
8.837100000000000364e+02 2.768566221900000126e-12
8.838999999999999773e+02 2.767941688999999733e-12
8.840899999999999181e+02 2.785184090599999891e-12
8.842799999999999727e+02 2.801531681999999613e-12
8.844700000000000273e+02 2.770062748300000039e-12
8.846600000000000819e+02 2.725027044600000237e-12
8.848500000000000227e+02 2.798240791500000327e-12
8.850399999999999636e+02 2.804169586399999954e-12
8.852299999999999045e+02 2.815898925399999919e-12
8.854200000000000728e+02 2.798582410800000211e-12
8.856100000000000136e+02 2.675640356400000097e-12
8.857999999999999545e+02 2.595314278000000126e-12
8.859900000000000091e+02 2.579046010799999773e-12
8.861799999999999500e+02 2.631396306599999953e-12
8.863700000000001182e+02 2.656761119500000098e-12
8.865600000000000591e+02 2.520436886399999967e-12
8.867500000000000000e+02 2.542329984999999802e-12
8.869399999999999409e+02 2.500745068800000001e-12
8.871299999999998818e+02 2.503684899899999692e-12
8.873200000000000500e+02 2.552074291200000388e-12
8.875099999999999909e+02 2.578873307399999950e-12
8.877000000000000455e+02 2.575341978000000046e-12
8.878899999999999864e+02 2.600709720099999726e-12
8.880799999999999272e+02 2.537830692799999725e-12
8.882700000000000955e+02 2.532724251000000136e-12
8.884600000000000364e+02 2.649174489599999807e-12
8.886499999999999773e+02 3.315544263500000234e-12
8.888399999999999181e+02 2.858820533999999745e-12
8.890299999999999727e+02 2.560530864199999834e-12
8.892200000000000273e+02 2.636946341200000179e-12
8.894100000000000819e+02 2.628544525799999785e-12
8.896000000000000227e+02 2.644691839999999883e-12
8.897899999999999636e+02 2.584314973900000000e-12
8.899799999999999045e+02 2.684553471599999596e-12
8.901700000000000728e+02 2.729964454300000223e-12
8.903600000000000136e+02 2.655382953199999926e-12
8.905499999999999545e+02 2.690939313000000236e-12
8.907400000000000091e+02 2.737876445400000159e-12
8.909299999999999500e+02 2.772716708799999758e-12
8.911200000000001182e+02 2.752803348000000527e-12
8.913100000000000591e+02 2.738024102099999957e-12
8.915000000000000000e+02 2.696618114999999916e-12
8.916899999999999409e+02 2.759004779699999636e-12
8.918799999999998818e+02 2.615313236799999559e-12
8.920700000000000500e+02 2.610009485300000282e-12
8.922599999999999909e+02 2.735178416999999813e-12
8.924500000000000455e+02 2.758259516999999982e-12
8.926399999999999864e+02 2.729469960000000139e-12
8.928299999999999272e+02 2.720613719399999961e-12
8.930200000000000955e+02 2.753448566000000418e-12
8.932100000000000364e+02 2.725130117400000032e-12
8.933999999999999773e+02 2.727219642000000219e-12
8.935899999999999181e+02 2.685934950200000071e-12
8.937799999999999727e+02 2.677818506799999720e-12
8.939700000000000273e+02 2.689633900800000329e-12
8.941600000000000819e+02 2.617563983999999996e-12
8.943500000000000227e+02 2.665950027999999884e-12
8.945399999999999636e+02 2.615223471599999527e-12
8.947299999999999045e+02 2.643354522799999895e-12
8.949200000000000728e+02 2.587517992800000149e-12
8.951100000000000136e+02 2.585829572399999937e-12
8.952999999999999545e+02 2.561632360000000091e-12
8.954900000000000091e+02 2.696257705699999768e-12
8.956799999999999500e+02 2.633944089599999852e-12
8.958700000000001182e+02 2.581601702900000310e-12
8.960600000000000591e+02 2.588134901000000171e-12
8.962500000000000000e+02 2.500976662500000206e-12
8.964399999999999409e+02 2.546651573999999990e-12
8.966299999999998818e+02 2.570216793899999485e-12
8.968200000000000500e+02 2.578240913400000224e-12
8.970099999999999909e+02 2.569574846000000428e-12
8.972000000000000455e+02 2.540628155999999802e-12
8.973899999999999864e+02 2.623349160899999693e-12
8.975799999999999272e+02 2.630681318799999603e-12
8.977700000000000955e+02 2.605454227800000301e-12
8.979600000000000364e+02 2.654845678799999949e-12
8.981499999999999773e+02 2.706027153499999790e-12
8.983399999999999181e+02 2.558229768199999778e-12
8.985299999999999727e+02 2.413442594699999916e-12
8.987200000000000273e+02 2.342549628800000420e-12
8.989100000000000819e+02 2.374821339900000062e-12
8.991000000000000227e+02 2.553911531999999820e-12
8.992899999999999636e+02 2.708976231500000073e-12
8.994799999999999045e+02 2.668397368000000140e-12
8.996700000000000728e+02 2.518293287100000059e-12
8.998600000000000136e+02 2.452883381000000087e-12
9.000499999999999545e+02 2.552361789999999984e-12
9.002400000000000091e+02 2.637379113600000075e-12
9.004299999999999500e+02 2.608914886300000070e-12
9.006200000000001182e+02 2.610762286999999796e-12
9.008100000000000591e+02 2.592828447299999968e-12
9.010000000000000000e+02 2.648741779999999938e-12
9.011899999999999409e+02 2.632898680200000099e-12
9.013799999999998818e+02 2.582760169200000076e-12
9.015700000000000500e+02 2.588894317800000189e-12
9.017599999999999909e+02 2.617060819200000012e-12
9.019500000000000455e+02 2.581804816499999990e-12
9.021399999999999864e+02 2.533777468199999701e-12
9.023299999999999272e+02 2.553927762099999734e-12
9.025200000000000955e+02 2.558129763599999955e-12
9.027100000000000364e+02 2.638124839499999974e-12
9.028999999999999773e+02 2.694497383000000129e-12
9.030899999999999181e+02 2.736732966900000149e-12
9.032799999999999727e+02 2.808640766399999545e-12
9.034700000000000273e+02 2.802762703400000304e-12
9.036600000000000819e+02 2.806478788800000039e-12
9.038500000000000227e+02 2.809021184000000070e-12
9.040399999999999636e+02 2.834481813999999640e-12
9.042299999999999045e+02 2.825565030899999814e-12
9.044200000000000728e+02 2.787105893000000103e-12
9.046100000000000136e+02 2.796701322100000037e-12
9.047999999999999545e+02 2.766335520000000104e-12
9.049900000000000091e+02 2.786183663099999822e-12
9.051799999999999500e+02 2.806356709399999583e-12
9.053700000000001182e+02 2.831852500800000100e-12
9.055600000000000591e+02 2.797148061600000174e-12
9.057500000000000000e+02 2.706788587499999609e-12
9.059399999999999409e+02 2.712619904400000012e-12
9.061299999999998818e+02 2.760751577499999946e-12
9.063200000000000500e+02 2.725829905600000076e-12
9.065099999999999909e+02 2.675990324699999986e-12
9.067000000000000455e+02 2.584983566000000085e-12
9.068899999999999864e+02 2.588581471500000016e-12
9.070799999999999272e+02 2.612172700799999681e-12
9.072700000000000955e+02 2.727661891499999864e-12
9.074600000000000364e+02 2.753814414400000423e-12
9.076499999999999773e+02 2.669725404000000222e-12
9.078399999999999181e+02 2.713924131199999571e-12
9.080299999999999727e+02 2.776746659699999634e-12
9.082200000000000273e+02 2.689584543599999938e-12
9.084100000000000819e+02 2.592947335800000307e-12
9.086000000000000227e+02 2.579815238000000272e-12
9.087899999999999636e+02 2.653239668699999721e-12
9.089799999999999045e+02 2.659802737200000010e-12
9.091700000000000728e+02 2.760876539000000221e-12
9.093600000000000136e+02 2.774730168000000153e-12
9.095499999999999545e+02 2.718517612999999830e-12
9.097400000000000091e+02 2.701573001399999838e-12
9.099299999999999500e+02 2.734321451399999990e-12
9.101200000000001182e+02 2.710337360000000112e-12
9.103100000000000591e+02 2.714043749500000176e-12
9.105000000000000000e+02 2.721520920000000187e-12
9.106899999999999409e+02 2.749965058499999947e-12
9.108799999999998818e+02 2.901872395199999956e-12
9.110700000000000500e+02 2.968366277699999988e-12
9.112599999999999909e+02 2.827102136599999990e-12
9.114500000000000455e+02 2.671459949999999980e-12
9.116399999999999864e+02 2.652708304799999586e-12
9.118299999999999272e+02 2.732745391699999671e-12
9.120200000000000955e+02 2.822720140399999899e-12
9.122100000000000364e+02 2.863983638100000142e-12
9.123999999999999773e+02 2.799854507999999951e-12
9.125899999999999181e+02 2.700162166100000001e-12
9.127799999999999727e+02 2.639704993199999619e-12
9.129700000000000273e+02 2.647119996200000255e-12
9.131600000000000819e+02 2.632758990799999898e-12
9.133500000000000227e+02 2.563901319000000158e-12
9.135399999999999636e+02 2.643894384799999747e-12
9.137299999999999045e+02 2.746782027599999607e-12
9.139200000000000728e+02 2.851786828800000378e-12
9.141100000000000136e+02 2.869510124300000052e-12
9.142999999999999545e+02 2.913663810999999751e-12
9.144900000000000091e+02 2.904173327699999949e-12
9.146799999999999500e+02 2.889199715999999569e-12
9.148700000000001182e+02 2.772623319400000435e-12
9.150600000000000591e+02 2.672350374599999843e-12
9.152500000000000000e+02 2.607236065000000178e-12
9.154399999999999409e+02 2.646390569599999691e-12
9.156299999999998818e+02 2.722982900699999809e-12
9.158200000000000500e+02 2.866168588400000059e-12
9.160099999999999909e+02 2.888555094099999744e-12
9.162000000000000455e+02 2.903382827999999611e-12
9.163899999999999864e+02 2.943802072099999712e-12
9.165799999999999272e+02 2.851746188200000040e-12
9.167700000000000955e+02 2.871277801500000156e-12
9.169600000000000364e+02 2.787989371199999879e-12
9.171499999999999773e+02 2.675748439000000044e-12
9.173399999999999181e+02 2.645415918599999719e-12
9.175299999999999727e+02 2.768738527999999633e-12
9.177200000000000273e+02 2.826256398000000525e-12
9.179100000000000819e+02 2.881833519600000237e-12
9.181000000000000227e+02 2.851811401000000113e-12
9.182899999999999636e+02 2.864045498099999986e-12
9.184799999999999045e+02 2.850796593599999785e-12
9.186700000000000728e+02 2.963675353500000183e-12
9.188600000000000136e+02 3.012087400200000050e-12
9.190499999999999545e+02 2.904299095500000082e-12
9.192400000000000091e+02 2.800207272799999951e-12
9.194299999999999500e+02 2.863923312699999663e-12
9.196200000000001182e+02 2.973710820600000069e-12
9.198100000000000591e+02 3.012147797500000267e-12
9.200000000000000000e+02 3.069340799999999983e-12
9.201899999999999409e+02 3.019934753399999844e-12
9.203799999999998818e+02 2.939205918599999824e-12
9.205700000000000500e+02 2.898976192700000292e-12
9.207599999999999909e+02 2.901554157600000025e-12
9.209500000000000455e+02 2.849290366999999934e-12
9.211399999999999864e+02 2.861521409999999793e-12
9.213299999999999272e+02 2.844431322299999869e-12
9.215200000000000955e+02 2.913551353600000100e-12
9.217100000000000364e+02 2.966818582200000236e-12
9.218999999999999773e+02 3.001144041000000072e-12
9.220899999999999181e+02 2.917907700499999902e-12
9.222799999999999727e+02 2.960223670399999523e-12
9.224700000000000273e+02 2.900651566800000124e-12
9.226600000000000819e+02 2.919969781800000186e-12
9.228500000000000227e+02 2.873671843499999873e-12
9.230399999999999636e+02 2.852304364799999894e-12
9.232299999999999045e+02 2.901148719699999849e-12
9.234200000000000728e+02 2.840209065000000260e-12
9.236100000000000136e+02 2.885191390200000057e-12
9.237999999999999545e+02 2.922783106000000178e-12
9.239900000000000091e+02 2.870070018299999932e-12
9.241799999999999500e+02 2.867915375999999481e-12
9.243700000000001182e+02 2.847734390100000051e-12
9.245600000000000591e+02 2.819344018400000090e-12
9.247500000000000000e+02 2.855082397499999837e-12
9.249399999999999409e+02 2.891417936399999867e-12
9.251299999999998818e+02 2.855432247599999438e-12
9.253200000000000500e+02 2.929118966400000432e-12
9.255099999999999909e+02 2.956282552200000191e-12
9.257000000000000455e+02 2.901699220000000161e-12
9.258899999999999864e+02 2.903137353900000050e-12
9.260799999999999272e+02 2.934043699200000027e-12
9.262700000000000955e+02 2.969214061200000394e-12
9.264600000000000364e+02 3.037862340000000202e-12
9.266499999999999773e+02 3.046871532499999755e-12
9.268399999999999181e+02 3.008986059999999912e-12
9.270299999999999727e+02 2.947306479000000150e-12
9.272200000000000273e+02 2.930664253999999857e-12
9.274100000000000819e+02 2.836455662699999724e-12
9.276000000000000227e+02 2.755732632000000094e-12
9.277899999999999636e+02 2.773897264100000110e-12
9.279799999999999045e+02 2.774103411999999627e-12
9.281700000000000728e+02 2.717932365900000359e-12
9.283600000000000136e+02 2.717411839600000014e-12
9.285499999999999545e+02 2.762798384499999872e-12
9.287400000000000091e+02 2.756230985400000091e-12
9.289299999999999500e+02 2.749066152699999831e-12
9.291200000000001182e+02 2.714563448000000133e-12
9.293100000000000591e+02 2.662659012000000138e-12
9.295000000000000000e+02 2.549209520000000086e-12
9.296899999999999409e+02 2.508880027800000035e-12
9.298799999999998818e+02 2.603952262799999708e-12
9.300700000000000500e+02 2.614073343400000112e-12
9.302599999999999909e+02 2.604634974000000056e-12
9.304500000000000455e+02 2.496267087000000177e-12
9.306399999999999864e+02 2.412740038399999666e-12
9.308299999999999272e+02 2.503104261299999780e-12
9.310200000000000955e+02 2.538863609400000516e-12
9.312100000000000364e+02 2.434648545000000060e-12
9.313999999999999773e+02 2.239299822000000358e-12
9.315899999999999181e+02 2.281417330500000085e-12
9.317799999999999727e+02 2.413701547599999865e-12
9.319700000000000273e+02 2.312338726100000259e-12
9.321600000000000819e+02 2.087059632000000162e-12
9.323500000000000227e+02 2.067486124999999892e-12
9.325399999999999636e+02 2.297433520199999598e-12
9.327299999999999045e+02 2.421506989499999660e-12
9.329200000000000728e+02 2.346144532800000282e-12
9.331100000000000136e+02 2.166840048700000155e-12
9.332999999999999545e+02 2.059671770999999786e-12
9.334900000000000091e+02 2.121673411599999763e-12
9.336799999999999500e+02 2.113412690400000226e-12
9.338700000000001182e+02 2.016533507100000272e-12
9.340600000000000591e+02 1.699354039199999877e-12
9.342500000000000000e+02 1.687694597500000161e-12
9.344399999999999409e+02 2.089912437600000119e-12
9.346299999999998818e+02 2.466273605100000050e-12
9.348200000000000500e+02 2.595237935800000233e-12
9.350099999999999909e+02 2.535111313200000421e-12
9.352000000000000455e+02 2.113785800000000022e-12
9.353899999999999864e+02 1.915061362599999693e-12
9.355799999999999272e+02 1.909238105999999976e-12
9.357700000000000955e+02 2.157904335400000474e-12
9.359600000000000364e+02 2.439635897600000025e-12
9.361499999999999773e+02 2.424665945999999816e-12
9.363399999999999181e+02 2.193123638199999906e-12
9.365299999999999727e+02 2.101226803899999972e-12
9.367200000000000273e+02 1.960695468000000352e-12
9.369100000000000819e+02 1.938298146200000194e-12
9.371000000000000227e+02 2.303316831999999888e-12
9.372899999999999636e+02 2.305405348499999755e-12
9.374799999999999045e+02 2.210230972399999801e-12
9.376700000000000728e+02 1.931994021400000146e-12
9.378600000000000136e+02 2.145411021600000138e-12
9.380499999999999545e+02 2.280127515499999982e-12
9.382400000000000091e+02 2.376890304000000029e-12
9.384299999999999500e+02 2.493671270399999888e-12
9.386200000000001182e+02 2.600981723399999926e-12
9.388100000000000591e+02 2.784031666899999813e-12
9.390000000000000000e+02 2.955474330000000043e-12
9.391899999999999409e+02 2.913188933899999935e-12
9.393799999999998818e+02 2.864535978199999827e-12
9.395700000000000500e+02 2.783307002400000395e-12
9.397599999999999909e+02 2.693079629600000114e-12
9.399500000000000455e+02 2.601499615000000274e-12
9.401399999999999864e+02 2.708392917599999837e-12
9.403299999999999272e+02 2.775910579799999809e-12
9.405200000000000955e+02 2.685683075600000062e-12
9.407100000000000364e+02 2.618193479100000436e-12
9.408999999999999773e+02 2.606180092000000017e-12
9.410899999999999181e+02 2.683715763900000134e-12
9.412799999999999727e+02 2.641005772799999925e-12
9.414700000000000273e+02 2.704250183900000135e-12
9.416600000000000819e+02 2.756832065799999952e-12
9.418500000000000227e+02 2.821914459000000303e-12
9.420399999999999636e+02 2.856105133199999788e-12
9.422299999999999045e+02 2.680484170899999617e-12
9.424200000000000728e+02 2.348359852800000130e-12
9.426100000000000136e+02 2.157426915800000160e-12
9.427999999999999545e+02 2.330648739999999969e-12
9.429900000000000091e+02 2.723421129299999828e-12
9.431799999999999500e+02 2.907673031199999801e-12
9.433700000000001182e+02 2.719858348100000001e-12
9.435600000000000591e+02 2.366967438000000081e-12
9.437500000000000000e+02 2.056629437499999970e-12
9.439399999999999409e+02 2.091176357800000050e-12
9.441299999999998818e+02 2.165881426499999620e-12
9.443200000000000500e+02 2.614038294400000041e-12
9.445099999999999909e+02 2.695593759600000071e-12
9.447000000000000455e+02 2.725383924000000122e-12
9.448899999999999864e+02 2.767535565499999907e-12
9.450799999999999272e+02 2.567196410399999416e-12
9.452700000000000955e+02 2.417858869500000291e-12
9.454600000000000364e+02 2.286774647400000302e-12
9.456499999999999773e+02 2.226873358999999812e-12
9.458399999999999181e+02 2.206521760799999630e-12
9.460299999999999727e+02 2.294964716699999909e-12
9.462200000000000273e+02 2.632658443800000324e-12
9.464100000000000819e+02 2.648774451600000328e-12
9.466000000000000227e+02 2.611357021999999885e-12
9.467899999999999636e+02 2.625107825599999845e-12
9.469799999999999045e+02 2.657538383399999607e-12
9.471700000000000728e+02 2.662333851099999791e-12
9.473600000000000136e+02 2.697569705600000240e-12
9.475499999999999545e+02 2.710154083500000183e-12
9.477400000000000091e+02 2.590163942600000033e-12
9.479299999999999500e+02 2.472220398600000014e-12
9.481200000000001182e+02 2.505890641200000188e-12
9.483100000000000591e+02 2.775030069900000347e-12
9.485000000000000000e+02 3.074742964999999897e-12
9.486899999999999409e+02 3.150684872100000140e-12
9.488799999999998818e+02 2.941869596799999734e-12
9.490700000000000500e+02 2.678920907600000338e-12
9.492599999999999909e+02 2.551677328200000261e-12
9.494500000000000455e+02 2.487103263999999993e-12
9.496399999999999864e+02 2.336978572399999668e-12
9.498299999999999272e+02 2.225698645799999857e-12
9.500200000000000955e+02 2.528820237200000270e-12
9.502100000000000364e+02 2.893180403800000107e-12
9.503999999999999773e+02 3.098028384000000268e-12
9.505899999999999181e+02 3.187318764099999834e-12
9.507799999999999727e+02 3.191102913999999618e-12
9.509700000000000273e+02 3.158095292400000399e-12
9.511600000000000819e+02 3.018277981600000176e-12
9.513500000000000227e+02 2.750295768999999876e-12
9.515399999999999636e+02 2.657803466400000102e-12
9.517299999999999045e+02 2.635311818100000067e-12
9.519200000000000728e+02 2.446719976000000256e-12
9.521100000000000136e+02 2.498308076699999728e-12
9.522999999999999545e+02 2.711855187000000184e-12
9.524900000000000091e+02 2.769240851300000068e-12
9.526799999999999500e+02 2.728980440399999706e-12
9.528700000000001182e+02 2.904929010700000116e-12
9.530600000000000591e+02 2.878374628400000121e-12
9.532500000000000000e+02 2.792965305000000322e-12
9.534399999999999409e+02 2.871208284799999744e-12
9.536299999999998818e+02 2.981285787499999701e-12
9.538200000000000500e+02 2.934255542400000560e-12
9.540099999999999909e+02 2.744696310100000177e-12
9.542000000000000455e+02 2.562389595999999845e-12
9.543899999999999864e+02 2.730853370399999894e-12
9.545799999999999272e+02 2.991815998599999824e-12
9.547700000000000955e+02 3.077175971500000232e-12
9.549600000000000364e+02 2.809559167200000171e-12
9.551499999999999773e+02 2.684487281000000261e-12
9.553399999999999181e+02 2.617106163000000135e-12
9.555299999999999727e+02 2.767157548199999950e-12
9.557200000000000273e+02 2.970043258000000143e-12
9.559100000000000819e+02 2.880940676200000393e-12
9.561000000000000227e+02 2.887068242999999753e-12
9.562899999999999636e+02 2.787030701799999630e-12
9.564799999999999045e+02 2.942878534400000140e-12
9.566700000000000728e+02 3.041722698300000086e-12
9.568600000000000136e+02 3.157953763800000403e-12
9.570499999999999545e+02 3.119169507499999803e-12
9.572400000000000091e+02 3.154134517199999639e-12
9.574299999999999500e+02 3.235883616799999668e-12
9.576200000000001182e+02 3.043153564600000388e-12
9.578100000000000591e+02 2.865652582800000040e-12
9.580000000000000000e+02 2.974762439999999852e-12
9.581899999999999409e+02 3.119646256299999998e-12
9.583799999999998818e+02 3.117734729399999644e-12
9.585700000000000500e+02 2.857976455000000524e-12
9.587599999999999909e+02 2.726579213600000197e-12
9.589500000000000455e+02 2.771566879499999743e-12
9.591399999999999864e+02 2.990713616800000219e-12
9.593299999999999272e+02 3.049652510199999540e-12
9.595200000000000955e+02 2.911490726400000522e-12
9.597100000000000364e+02 2.984803668100000285e-12
9.598999999999999773e+02 3.147780871999999937e-12
9.600899999999999181e+02 3.126245058000000052e-12
9.602799999999999727e+02 3.017699105600000066e-12
9.604700000000000273e+02 3.074426051200000365e-12
9.606600000000000819e+02 3.279577960799999732e-12
9.608500000000000227e+02 3.270714183000000041e-12
9.610399999999999636e+02 3.145512751199999927e-12
9.612299999999999045e+02 3.074100050699999600e-12
9.614200000000000728e+02 3.186511219599999990e-12
9.616100000000000136e+02 3.104721358700000223e-12
9.617999999999999545e+02 2.876647619999999864e-12
9.619900000000000091e+02 2.913213556800000080e-12
9.621799999999999500e+02 2.855095957599999664e-12
9.623700000000001182e+02 3.021812928900000378e-12
9.625600000000000591e+02 3.191848960000000264e-12
9.627500000000000000e+02 3.221322989999999878e-12
9.629399999999999409e+02 3.359909506799999868e-12
9.631299999999998818e+02 3.085608474900000149e-12
9.633200000000000500e+02 2.880885525600000079e-12
9.635099999999999909e+02 2.768250945900000318e-12
9.637000000000000455e+02 2.887389754999999978e-12
9.638899999999999864e+02 2.984010661999999918e-12
9.640799999999999272e+02 3.014109352799999907e-12
9.642700000000000955e+02 3.003749263500000350e-12
9.644600000000000364e+02 2.976497162800000058e-12
9.646499999999999773e+02 3.031817778000000135e-12
9.648399999999999181e+02 3.186027109199999959e-12
9.650299999999999727e+02 3.219282178199999529e-12
9.652200000000000273e+02 3.351350014200000208e-12
9.654100000000000819e+02 3.308633843800000207e-12
9.656000000000000227e+02 3.057089600000000024e-12
9.657899999999999636e+02 3.057700797900000313e-12
9.659799999999999045e+02 3.018658520599999675e-12
9.661700000000000728e+02 3.030034722100000158e-12
9.663600000000000136e+02 3.096323739599999948e-12
9.665499999999999545e+02 3.206800258999999887e-12
9.667400000000000091e+02 3.211481277799999803e-12
9.669299999999999500e+02 3.216231573900000054e-12
9.671200000000001182e+02 3.129832428800000273e-12
9.673100000000000591e+02 3.164467607100000151e-12
9.675000000000000000e+02 3.201409124999999684e-12
9.676899999999999409e+02 3.178368128099999543e-12
9.678799999999998818e+02 3.223011363599999556e-12
9.680700000000000500e+02 3.310373449200000562e-12
9.682599999999999909e+02 3.318246385200000332e-12
9.684500000000000455e+02 3.390775877999999762e-12
9.686399999999999864e+02 3.302374665599999557e-12
9.688299999999999272e+02 3.284876244800000054e-12
9.690200000000000955e+02 3.501960758399999918e-12
9.692100000000000364e+02 3.554936282699999823e-12
9.693999999999999773e+02 3.504070791999999940e-12
9.695899999999999181e+02 3.434898621699999952e-12
9.697799999999999727e+02 3.435212902799999829e-12
9.699700000000000273e+02 3.252115416000000149e-12
9.701600000000000819e+02 3.317132265600000423e-12
9.703500000000000227e+02 3.485176984500000274e-12
9.705399999999999636e+02 3.499903115599999740e-12
9.707299999999999045e+02 3.531971983099999615e-12
9.709200000000000728e+02 3.571801077600000323e-12
9.711100000000000136e+02 3.646721983100000111e-12
9.712999999999999545e+02 3.541651190000000161e-12
9.714900000000000091e+02 3.532706806199999773e-12
9.716799999999999500e+02 3.665555915199999154e-12
9.718700000000001182e+02 3.697673789000000054e-12
9.720600000000000591e+02 3.538959400800000131e-12
9.722500000000000000e+02 3.442474742500000125e-12
9.724399999999999409e+02 3.367044326799999773e-12
9.726299999999998818e+02 3.315510870299999721e-12
9.728200000000000500e+02 3.539196985600000447e-12
9.730099999999999909e+02 3.513947774200000343e-12
9.732000000000000455e+02 3.434072447999999991e-12
9.733899999999999864e+02 3.353513494100000103e-12
9.735799999999999272e+02 3.408406221999999546e-12
9.737700000000000955e+02 3.295247417700000481e-12
9.739600000000000364e+02 3.285498226400000229e-12
9.741499999999999773e+02 3.208100004499999890e-12
9.743399999999999181e+02 3.313233426599999916e-12
9.745299999999999727e+02 3.412901512999999371e-12
9.747200000000000273e+02 3.398507488000000377e-12
9.749100000000000819e+02 3.435290367000000063e-12
9.751000000000000227e+02 3.398067484000000155e-12
9.752899999999999636e+02 3.456222949099999701e-12
9.754799999999999045e+02 3.385988627999999711e-12
9.756700000000000728e+02 3.445081013300000254e-12
9.758600000000000136e+02 3.457862324000000132e-12
9.760499999999999545e+02 3.357319185000000091e-12
9.762400000000000091e+02 3.552322587200000245e-12
9.764299999999999500e+02 3.523896812799999725e-12
9.766200000000001182e+02 3.504512974200000105e-12
9.768100000000000591e+02 3.486625613999999901e-12
9.770000000000000000e+02 3.717299369999999720e-12
9.771899999999999409e+02 3.613081849800000054e-12
9.773799999999998818e+02 3.796231884199999853e-12
9.775700000000000500e+02 3.685526881300000771e-12
9.777599999999999909e+02 3.617575113599999991e-12
9.779500000000000455e+02 3.435645924499999892e-12
9.781399999999999864e+02 3.450897482800000080e-12
9.783299999999999272e+02 3.458944414799999850e-12
9.785200000000000955e+02 3.661240217200000638e-12
9.787100000000000364e+02 3.869535514100000680e-12
9.788999999999999773e+02 3.823710656999999821e-12
9.790899999999999181e+02 3.789127254499999917e-12
9.792799999999999727e+02 3.820504235199999417e-12
9.794700000000000273e+02 3.887820065700000225e-12
9.796600000000000819e+02 3.761894399999999953e-12
9.798500000000000227e+02 3.815388922500000229e-12
9.800399999999999636e+02 3.862602250799999779e-12
9.802299999999999045e+02 3.676068348300000017e-12
9.804200000000000728e+02 3.635544423000000272e-12
9.806100000000000136e+02 3.742458840600000229e-12
9.807999999999999545e+02 3.722008495999999877e-12
9.809900000000000091e+02 3.647517017999999910e-12
9.811799999999999500e+02 3.675981058200000198e-12
9.813700000000001182e+02 3.754191680200000176e-12
9.815600000000000591e+02 3.784453657999999930e-12
9.817500000000000000e+02 3.818987864999999562e-12
9.819399999999999409e+02 3.776639433999999737e-12
9.821299999999998818e+02 3.818816079000000110e-12
9.823200000000000500e+02 3.810262108800000896e-12
9.825099999999999909e+02 3.822180052200000137e-12
9.827000000000000455e+02 3.688741335999999903e-12
9.828899999999999864e+02 3.668676240599999824e-12
9.830799999999999272e+02 3.825331403599999299e-12
9.832700000000000955e+02 3.756091400000000003e-12
9.834600000000000364e+02 3.669131906400000629e-12
9.836499999999999773e+02 3.741981656999999696e-12
9.838399999999999181e+02 3.871046379199999945e-12
9.840299999999999727e+02 3.940410370799999309e-12
9.842200000000000273e+02 4.112012106800000557e-12
9.844100000000000819e+02 3.996724288199999583e-12
9.846000000000000227e+02 3.784861475999999699e-12
9.847899999999999636e+02 3.935279927399999648e-12
9.849799999999999045e+02 4.095960531599999940e-12
9.851700000000000728e+02 4.100513980800000761e-12
9.853600000000000136e+02 4.294198880000000019e-12
9.855499999999999545e+02 5.064169831000000333e-12
9.857400000000000091e+02 4.163105314199999683e-12
9.859299999999999500e+02 3.890568513699999559e-12
9.861200000000001182e+02 3.924984407599999979e-12
9.863100000000000591e+02 3.941353938599999777e-12
9.865000000000000000e+02 4.135467189999999860e-12
9.866899999999999409e+02 3.932522063300000245e-12
9.868799999999998818e+02 3.894159398400000148e-12
9.870700000000000500e+02 4.148615727200000438e-12
9.872599999999999909e+02 4.008344708199999891e-12
9.874500000000000455e+02 4.107219278999999800e-12
9.876399999999999864e+02 4.178685087199999435e-12
9.878299999999999272e+02 4.424579474699999822e-12
9.880200000000000955e+02 4.251104253000000673e-12
9.882100000000000364e+02 4.428060306900000778e-12
9.883999999999999773e+02 4.384156924000000045e-12
9.885899999999999181e+02 4.116983055000000080e-12
9.887799999999999727e+02 3.962506186599999691e-12
9.889700000000000273e+02 4.160349547499999960e-12
9.891600000000000819e+02 3.910624276800000140e-12
9.893500000000000227e+02 4.096364101000000442e-12
9.895399999999999636e+02 4.140284836999999784e-12
9.897299999999999045e+02 4.206946337999999447e-12
9.899200000000000728e+02 4.090626617599999810e-12
9.901100000000000136e+02 4.067213462400000380e-12
9.902999999999999545e+02 3.996692352000000089e-12
9.904900000000000091e+02 3.975509903199999730e-12
9.906799999999999500e+02 3.918149306799999603e-12
9.908700000000001182e+02 3.743546494800000303e-12
9.910600000000000591e+02 3.864222224800000349e-12
9.912500000000000000e+02 3.646630324999999968e-12
9.914399999999999409e+02 3.724225387199999543e-12
9.916299999999998818e+02 3.773568634599999351e-12
9.918200000000000500e+02 3.756984405400000765e-12
9.920099999999999909e+02 3.862470295799999700e-12
9.922000000000000455e+02 4.047689822000000087e-12
9.923899999999999864e+02 4.028180477300000108e-12
9.925799999999999272e+02 4.038897352199999699e-12
9.927700000000000955e+02 4.107089490000000454e-12
9.929600000000000364e+02 4.001430207999999705e-12
9.931499999999999773e+02 3.904003129499999566e-12
9.933399999999999181e+02 4.031867726000000134e-12
9.935299999999999727e+02 4.155180907199999959e-12
9.937200000000000273e+02 3.992598027600000162e-12
9.939100000000000819e+02 4.321063481399999953e-12
