6.160000000000000000e+02 2.511999329988503438e-13
6.163782882882883314e+02 2.448798341958038390e-13
6.167565765765765491e+02 2.389667770301590071e-13
6.171348648648648805e+02 2.337274838987179119e-13
6.175131531531530982e+02 2.292647756639913723e-13
6.178914414414414296e+02 2.255157095470789416e-13
6.182697297297297609e+02 2.223051165978370225e-13
6.186480180180179786e+02 2.194586175590674111e-13
6.190263063063063100e+02 2.168526913198461217e-13
6.194045945945946414e+02 2.143717211437250914e-13
6.197828828828828591e+02 2.118845646407214233e-13
6.201611711711711905e+02 2.092751675291809571e-13
6.205394594594594082e+02 2.064687549723776312e-13
6.209177477477477396e+02 2.034528681250162227e-13
6.212960360360360710e+02 2.003249469600369607e-13
6.216743243243242887e+02 1.973182645866281912e-13
6.220526126126126201e+02 1.947583023021564816e-13
6.224309009009009515e+02 1.929876555870405417e-13
6.228091891891891692e+02 1.922976392931832233e-13
6.231874774774775005e+02 1.928668845486691131e-13
6.235657657657657182e+02 1.947268690905594864e-13
6.239440540540540496e+02 1.977818309890975345e-13
6.243223423423423810e+02 2.018642224676273488e-13
6.247006306306305987e+02 2.067828217993709247e-13
6.250789189189189301e+02 2.123461815444511966e-13
6.254572072072072615e+02 2.183692025790959367e-13
6.258354954954954792e+02 2.246826905407823418e-13
6.262137837837838106e+02 2.311591637847355560e-13
6.265920720720720283e+02 2.377457784377061371e-13
6.269703603603603597e+02 2.444839731256729079e-13
6.273486486486486911e+02 2.514886269546618518e-13
6.277269369369369088e+02 2.588826039039266516e-13
6.281052252252252401e+02 2.667270958008792727e-13
6.284835135135135715e+02 2.749988056466775207e-13
6.288618018018017892e+02 2.836375190305225452e-13
6.292400900900901206e+02 2.926237926088737882e-13
6.296183783783783383e+02 3.020114438004902462e-13
6.299966666666666697e+02 3.118868589048708602e-13
6.303749549549550011e+02 3.222837458152497712e-13
6.307532432432432188e+02 3.331160966453213343e-13
6.311315315315315502e+02 3.441987667293849531e-13
6.315098198198197679e+02 3.553330123729288554e-13
6.318881081081080993e+02 3.663434198512011910e-13
6.322663963963964306e+02 3.770378185141019934e-13
6.326446846846846483e+02 3.871714183913496187e-13
6.330229729729729797e+02 3.964535050550913050e-13
6.334012612612613111e+02 4.045688320087790197e-13
6.337795495495495288e+02 4.111988966890266087e-13
6.341578378378378602e+02 4.160585755532418920e-13
6.345361261261260779e+02 4.189672039747619587e-13
6.349144144144144093e+02 4.199471270689636454e-13
6.352927027027027407e+02 4.192853400826397351e-13
6.356709909909909584e+02 4.174792695345279876e-13
6.360492792792792898e+02 4.150950869123971359e-13
6.364275675675676212e+02 4.126494553282230780e-13
6.368058558558558389e+02 4.105694392076008441e-13
6.371841441441441702e+02 4.092263846964381724e-13
6.375624324324323879e+02 4.089976519224790480e-13
6.379407207207207193e+02 4.102789385656460569e-13
6.383190090090090507e+02 4.134163183498249889e-13
6.386972972972972684e+02 4.185924443991192659e-13
6.390755855855855998e+02 4.257271666995815531e-13
6.394538738738739312e+02 4.344471747796122727e-13
6.398321621621621489e+02 4.441695628823177542e-13
6.402104504504504803e+02 4.542576626063781720e-13
6.405887387387386980e+02 4.641426645046879680e-13
6.409670270270270294e+02 4.734183175972715674e-13
6.413453153153153607e+02 4.819222999235460196e-13
6.417236036036035784e+02 4.897151702936114098e-13
6.421018918918919098e+02 4.969557161531909552e-13
6.424801801801802412e+02 5.037814527237116131e-13
6.428584684684684589e+02 5.102730118827082162e-13
6.432367567567567903e+02 5.164918902229458283e-13
6.436150450450450080e+02 5.225086660438728715e-13
6.439933333333333394e+02 5.283725247496969267e-13
6.443716216216216708e+02 5.340823349790276566e-13
6.447499099099098885e+02 5.396353562169754360e-13
6.451281981981982199e+02 5.450870736492578629e-13
6.455064864864864376e+02 5.504953695538526241e-13
6.458847747747747690e+02 5.558126160453668127e-13
6.462630630630631003e+02 5.608812682558851499e-13
6.466413513513513180e+02 5.655098723973313437e-13
6.470196396396396494e+02 5.695576058768341880e-13
6.473979279279279808e+02 5.730323450830139495e-13
6.477762162162161985e+02 5.761561921727555598e-13
6.481545045045045299e+02 5.793567045691733212e-13
6.485327927927927476e+02 5.831896828767785885e-13
6.489110810810810790e+02 5.882001977838389197e-13
6.492893693693694104e+02 5.947890086100331910e-13
6.496676576576576281e+02 6.031276156101947723e-13
6.500459459459459595e+02 6.130899230176264452e-13
6.504242342342342909e+02 6.242578838191998559e-13
6.508025225225225086e+02 6.360699159513609064e-13
6.511808108108108399e+02 6.479967764919621255e-13
6.515590990990990576e+02 6.595934116965842405e-13
6.519373873873873890e+02 6.704260729861169778e-13
6.523156756756757204e+02 6.799773462615461967e-13
6.526939639639639381e+02 6.876387280409654968e-13
6.530722522522522695e+02 6.928167138652200914e-13
6.534505405405406009e+02 6.950580266214859856e-13
6.538288288288288186e+02 6.941301646455748232e-13
6.542071171171171500e+02 6.901061936718842404e-13
6.545854054054053677e+02 6.834330055673991541e-13
6.549636936936936991e+02 6.748620117220389206e-13
6.553419819819820304e+02 6.652527702265246641e-13
6.557202702702702481e+02 6.553965817775688272e-13
6.560985585585585795e+02 6.459388093713459372e-13
6.564768468468469109e+02 6.373875384670541737e-13
6.568551351351351286e+02 6.301395803200064913e-13
6.572334234234234600e+02 6.244494196156780320e-13
6.576117117117116777e+02 6.203672108391421128e-13
6.579900000000000091e+02 6.177003135577457599e-13
6.583682882882883405e+02 6.160226629865710791e-13
6.587465765765765582e+02 6.147883173715256099e-13
6.591248648648648896e+02 6.135336684009747245e-13
6.595031531531531073e+02 6.119774145305229256e-13
6.598814414414414387e+02 6.099074372401313032e-13
6.602597297297297700e+02 6.070497106179269776e-13
6.606380180180179877e+02 6.031061818812585211e-13
6.610163063063063191e+02 5.978731652961110556e-13
6.613945945945946505e+02 5.913303148497168385e-13
6.617728828828828682e+02 5.836971062834543389e-13
6.621511711711711996e+02 5.753952591424731297e-13
6.625294594594594173e+02 5.668732904030686817e-13
6.629077477477477487e+02 5.584357376519090685e-13
6.632860360360360801e+02 5.502144337149519474e-13
6.636643243243242978e+02 5.422213798190083127e-13
6.640426126126126292e+02 5.344052513936891958e-13
6.644209009009009606e+02 5.267357942595949869e-13
6.647991891891891783e+02 5.193231290455801694e-13
6.651774774774775096e+02 5.124637911552193259e-13
6.655557657657657273e+02 5.064820230767786573e-13
6.659340540540540587e+02 5.014669341446091263e-13
6.663123423423423901e+02 4.971713461904180357e-13
6.666906306306306078e+02 4.931451485089837230e-13
6.670689189189189392e+02 4.889716759512707737e-13
6.674472072072072706e+02 4.844653944854864716e-13
6.678254954954954883e+02 4.797411877270287789e-13
6.682037837837838197e+02 4.751274118892715478e-13
6.685820720720720374e+02 4.709632683738009568e-13
6.689603603603603688e+02 4.674029090387855848e-13
6.693386486486487001e+02 4.643382599237125852e-13
6.697169369369369178e+02 4.614453520232089154e-13
6.700952252252252492e+02 4.583073490811885136e-13
6.704735135135135806e+02 4.545730686721155787e-13
6.708518018018017983e+02 4.501228044907593100e-13
6.712300900900901297e+02 4.451807251811173564e-13
6.716083783783783474e+02 4.402729222978074041e-13
6.719866666666666788e+02 4.360097503142355186e-13
6.723649549549550102e+02 4.328317860148501776e-13
6.727432432432432279e+02 4.309022144368099581e-13
6.731215315315315593e+02 4.301651588568693481e-13
6.734998198198197770e+02 4.304560993348007141e-13
6.738781081081081084e+02 4.315946510365506987e-13
6.742563963963964397e+02 4.334515340360528617e-13
6.746346846846846574e+02 4.359802575060416733e-13
6.750129729729729888e+02 4.391754690865878007e-13
6.753912612612613202e+02 4.429589953489019432e-13
6.757695495495495379e+02 4.470867629649233311e-13
6.761478378378378693e+02 4.511572467032543475e-13
6.765261261261260870e+02 4.547075513007361490e-13
6.769044144144144184e+02 4.573209320121594368e-13
6.772827027027027498e+02 4.586938955229789082e-13
6.776609909909909675e+02 4.587252968617720940e-13
6.780392792792792989e+02 4.576752589280064346e-13
6.784175675675676302e+02 4.561938271907073604e-13
6.787958558558558479e+02 4.550543676613004230e-13
6.791741441441441793e+02 4.548258451728675974e-13
6.795524324324323970e+02 4.557540067475585716e-13
6.799307207207207284e+02 4.578218506534293859e-13
6.803090090090090598e+02 4.608627254200200150e-13
6.806872972972972775e+02 4.646552227128957211e-13
6.810655855855856089e+02 4.689599177903015662e-13
6.814438738738738266e+02 4.735090539812975594e-13
6.818221621621621580e+02 4.780055156915130520e-13
6.822004504504504894e+02 4.821216207758276161e-13
6.825787387387387071e+02 4.854715830807381586e-13
6.829570270270270385e+02 4.876512066066592742e-13
6.833353153153153698e+02 4.883616794164517969e-13
6.837136036036035875e+02 4.874649861139032585e-13
6.840918918918919189e+02 4.849508195543512926e-13
6.844701801801802503e+02 4.809456947572144974e-13
6.848484684684684680e+02 4.757771424831879222e-13
6.852267567567567994e+02 4.699774632329145688e-13
6.856050450450450171e+02 4.641755483764872027e-13
6.859833333333333485e+02 4.589750253478496272e-13
6.863616216216216799e+02 4.549458267469249857e-13
6.867399099099098976e+02 4.526832092122891514e-13
6.871181981981982290e+02 4.527212563813654414e-13
6.874964864864864467e+02 4.552744216784049226e-13
6.878747747747747781e+02 4.601162486297245439e-13
6.882530630630631094e+02 4.667832567232242707e-13
6.886313513513513271e+02 4.748811013485076806e-13
6.890096396396396585e+02 4.842151904667054604e-13
6.893879279279279899e+02 4.947457647843375818e-13
6.897662162162162076e+02 5.065170478358729301e-13
6.901445045045045390e+02 5.195870575621106296e-13
6.905227927927928704e+02 5.339221084492447594e-13
6.909010810810810881e+02 5.493739199183305676e-13
6.912793693693694195e+02 5.658097245566281949e-13
6.916576576576576372e+02 5.832111871045016188e-13
6.920359459459459686e+02 6.015780559957015729e-13
6.924142342342342999e+02 6.207376187423947015e-13
6.927925225225225176e+02 6.402840841634230210e-13
6.931708108108108490e+02 6.596908460504831608e-13
6.935490990990990667e+02 6.784543384358176207e-13
6.939273873873873981e+02 6.961769790995575411e-13
6.943056756756757295e+02 7.125795231104278749e-13
6.946839639639639472e+02 7.274990573050318546e-13
6.950622522522522786e+02 7.409351899352534689e-13
6.954405405405404963e+02 7.530720020478191796e-13
6.958188288288288277e+02 7.641831072840903280e-13
6.961971171171171591e+02 7.744966634333695941e-13
6.965754054054053768e+02 7.841624369736749893e-13
6.969536936936937082e+02 7.933211503094342658e-13
6.973319819819820395e+02 8.021524170612029923e-13
6.977102702702702572e+02 8.108263230417015868e-13
6.980885585585585886e+02 8.194383485006724820e-13
6.984668468468469200e+02 8.280689071800277781e-13
6.988451351351351377e+02 8.369299021887549308e-13
6.992234234234234691e+02 8.463943645129977241e-13
6.996017117117116868e+02 8.568624854016084525e-13
6.999800000000000182e+02 8.686402298141661750e-13
7.003582882882883496e+02 8.819235906546302670e-13
7.007365765765765673e+02 8.968007236189296669e-13
7.011148648648648987e+02 9.132080788946914637e-13
7.014931531531531164e+02 9.308838860997072094e-13
7.018714414414414478e+02 9.493538569596068581e-13
7.022497297297297791e+02 9.679008556177083046e-13
7.026280180180179968e+02 9.854852229198491141e-13
7.030063063063063282e+02 1.000695429023500357e-12
7.033845945945946596e+02 1.011839226364536420e-12
7.037628828828828773e+02 1.017181161001792721e-12
7.041411711711712087e+02 1.015251632047958148e-12
7.045194594594595401e+02 1.005191856010265592e-12
7.048977477477477578e+02 9.871578059611935566e-13
7.052760360360360892e+02 9.626551266665395943e-13
7.056543243243243069e+02 9.343596028680713022e-13
7.060326126126126383e+02 9.052156953244865893e-13
7.064109009009009696e+02 8.774019655584844614e-13
7.067891891891891873e+02 8.518695392233723622e-13
7.071674774774775187e+02 8.285163095613863272e-13
7.075457657657657364e+02 8.066720863750174319e-13
7.079240540540540678e+02 7.856224437305057560e-13
7.083023423423423992e+02 7.650622262019531518e-13
7.086806306306306169e+02 7.453732799577765280e-13
7.090589189189189483e+02 7.274981151386307273e-13
7.094372072072071660e+02 7.123818152576787742e-13
7.098154954954954974e+02 7.003906974573429321e-13
7.101937837837838288e+02 6.910880749130316684e-13
7.105720720720720465e+02 6.833443695362793908e-13
7.109503603603603779e+02 6.756453739934136967e-13
7.113286486486487092e+02 6.665343668613435882e-13
7.117069369369369269e+02 6.550634015872773838e-13
7.120852252252252583e+02 6.411528782521440769e-13
7.124635135135135897e+02 6.257923553856727471e-13
7.128418018018018074e+02 6.108273758024892235e-13
7.132200900900901388e+02 5.982358179844809897e-13
7.135983783783783565e+02 5.893975440838202761e-13
7.139766666666666879e+02 5.848627990499087441e-13
7.143549549549550193e+02 5.845164956162129770e-13
7.147332432432432370e+02 5.878068852717597249e-13
7.151115315315315684e+02 5.939053717127172964e-13
7.154898198198197861e+02 6.018526866766536217e-13
7.158681081081081174e+02 6.107833238175225441e-13
7.162463963963964488e+02 6.201284199924211402e-13
7.166246846846846665e+02 6.296042756605242241e-13
7.170029729729729979e+02 6.390457907331457688e-13
7.173812612612613293e+02 6.482809976583801372e-13
7.177595495495495470e+02 6.571000125385107548e-13
7.181378378378378784e+02 6.652886540479004299e-13
7.185161261261262098e+02 6.726990567270433106e-13
7.188944144144144275e+02 6.793346229815344461e-13
7.192727027027027589e+02 6.854665799987788092e-13
7.196509909909909766e+02 6.917311846152953611e-13
7.200292792792793080e+02 6.990290287345456225e-13
7.204075675675676393e+02 7.081863732711139236e-13
7.207858558558558570e+02 7.196117329911726692e-13
7.211641441441441884e+02 7.331851839593361643e-13
7.215424324324324061e+02 7.483931983295398876e-13
7.219207207207207375e+02 7.645673587447216270e-13
7.222990090090090689e+02 7.811063129811875652e-13
7.226772972972972866e+02 7.976427408055274116e-13
7.230555855855856180e+02 8.141131465181902614e-13
7.234338738738738357e+02 8.306771529096815373e-13
7.238121621621621671e+02 8.475491465735250498e-13
7.241904504504504985e+02 8.648413771439322555e-13
7.245687387387387162e+02 8.824583229962967344e-13
7.249470270270270476e+02 9.001352383943463422e-13
7.253253153153153789e+02 9.176173054970765600e-13
7.257036036036035966e+02 9.347648264275343120e-13
7.260818918918919280e+02 9.515123226522069473e-13
7.264601801801802594e+02 9.678381628353645802e-13
7.268384684684684771e+02 9.838130823949926399e-13
7.272167567567568085e+02 9.996387669802441166e-13
7.275950450450450262e+02 1.015584705926930123e-12
7.279733333333333576e+02 1.031842084506016710e-12
7.283516216216216890e+02 1.048425600604485145e-12
7.287299099099099067e+02 1.065234262101564439e-12
7.291081981981982381e+02 1.082186461999925733e-12
7.294864864864864558e+02 1.099237543793085553e-12
7.298647747747747871e+02 1.116320080025597281e-12
7.302430630630631185e+02 1.133360813295521157e-12
7.306213513513513362e+02 1.150301995784443846e-12
7.309996396396396676e+02 1.167048927815137504e-12
7.313779279279279990e+02 1.183457355302889282e-12
7.317562162162162167e+02 1.199416304661830229e-12
7.321345045045045481e+02 1.214928283355524203e-12
7.325127927927928795e+02 1.230085135414396849e-12
7.328910810810810972e+02 1.244915338843535231e-12
7.332693693693694286e+02 1.259237387329606954e-12
7.336476576576576463e+02 1.272729589534246682e-12
7.340259459459459777e+02 1.285190721938590330e-12
7.344042342342343090e+02 1.296741631550044539e-12
7.347825225225225267e+02 1.307786689723036517e-12
7.351608108108108581e+02 1.318809667552992229e-12
7.355390990990990758e+02 1.330219588253871251e-12
7.359173873873874072e+02 1.342268558898796979e-12
7.362956756756757386e+02 1.354969067104185331e-12
7.366739639639639563e+02 1.368088771256142157e-12
7.370522522522522877e+02 1.381246290222265203e-12
7.374305405405405054e+02 1.394020744624599687e-12
7.378088288288288368e+02 1.406052959933882121e-12
7.381871171171171682e+02 1.417111780724341085e-12
7.385654054054053859e+02 1.427087588681746606e-12
7.389436936936937173e+02 1.435991667471406548e-12
7.393219819819820486e+02 1.443972878245722427e-12
7.397002702702702663e+02 1.451236463863879831e-12
7.400785585585585977e+02 1.457937843280355397e-12
7.404568468468469291e+02 1.464198130098553372e-12
7.408351351351351468e+02 1.470188110736450469e-12
7.412134234234234782e+02 1.476169927328997209e-12
7.415917117117116959e+02 1.482434744324808017e-12
7.419700000000000273e+02 1.489154821026455093e-12
7.423482882882883587e+02 1.496273876704306758e-12
7.427265765765765764e+02 1.503534032428515946e-12
7.431048648648649078e+02 1.510615038865935142e-12
7.434831531531531255e+02 1.517282050811340533e-12
7.438614414414414568e+02 1.523464356762161057e-12
7.442397297297297882e+02 1.529247777341586452e-12
7.446180180180180059e+02 1.534785772548756026e-12
7.449963063063063373e+02 1.540189671045730672e-12
7.453745945945945550e+02 1.545492193923751918e-12
7.457528828828828864e+02 1.550705821356233633e-12
7.461311711711712178e+02 1.555898224651792959e-12
7.465094594594595492e+02 1.561179743566500676e-12
7.468877477477477669e+02 1.566621657680787180e-12
7.472660360360360983e+02 1.572227124609762211e-12
7.476443243243243160e+02 1.577979474040605600e-12
7.480226126126126474e+02 1.583895955162878520e-12
7.484009009009009787e+02 1.590042737725119065e-12
7.487791891891891964e+02 1.596511307157432456e-12
7.491574774774775278e+02 1.603375171850949885e-12
7.495357657657657455e+02 1.610652740037402351e-12
7.499140540540540769e+02 1.618312190124827906e-12
7.502923423423424083e+02 1.626340739139301668e-12
7.506706306306306260e+02 1.634811173276486647e-12
7.510489189189189574e+02 1.643861113342068512e-12
7.514272072072071751e+02 1.653642548637885833e-12
7.518054954954955065e+02 1.664328406742322640e-12
7.521837837837838379e+02 1.676125956499777784e-12
7.525620720720721692e+02 1.689184364193368134e-12
7.529403603603603869e+02 1.703389136672389623e-12
7.533186486486487183e+02 1.718236865041187864e-12
7.536969369369369360e+02 1.732948392717843268e-12
7.540752252252252674e+02 1.746669009659067476e-12
7.544535135135135988e+02 1.758542635409173981e-12
7.548318018018018165e+02 1.767675541333389063e-12
7.552100900900901479e+02 1.773085881638186729e-12
7.555883783783783656e+02 1.773643033155861125e-12
7.559666666666666970e+02 1.768005111292333332e-12
7.563449549549550284e+02 1.754621646491172940e-12
7.567232432432432461e+02 1.731792432655763184e-12
7.571015315315315775e+02 1.697770068547143228e-12
7.574798198198197952e+02 1.651038963989191076e-12
7.578581081081081265e+02 1.590809579539839752e-12
7.582363963963964579e+02 1.517616025922544356e-12
7.586146846846846756e+02 1.433943287581360490e-12
7.589929729729730070e+02 1.344600368395152802e-12
7.593712612612612247e+02 1.256361494584910757e-12
7.597495495495495561e+02 1.176722940636835225e-12
7.601278378378378875e+02 1.112125285224828955e-12
7.605061261261262189e+02 1.066292286489914730e-12
7.608844144144144366e+02 1.039321703593468097e-12
7.612627027027027680e+02 1.027920835724434202e-12
7.616409909909909857e+02 1.026889870827206225e-12
7.620192792792793171e+02 1.031403852010827226e-12
7.623975675675676484e+02 1.038798259729067917e-12
7.627758558558558661e+02 1.048628185417458616e-12
7.631541441441441975e+02 1.061323844739933409e-12
7.635324324324324152e+02 1.076903641342608229e-12
7.639107207207207466e+02 1.094568799203516516e-12
7.642890090090090780e+02 1.112927283524570616e-12
7.646672972972972957e+02 1.130405555694291427e-12
7.650455855855856271e+02 1.145674229221227187e-12
7.654238738738738448e+02 1.158044502098289788e-12
7.658021621621621762e+02 1.167837356383354286e-12
7.661804504504505076e+02 1.176488743378842737e-12
7.665587387387388389e+02 1.185888928702297948e-12
7.669370270270270566e+02 1.197234976804081707e-12
7.673153153153153880e+02 1.210513361527573642e-12
7.676936036036036057e+02 1.224894226463082231e-12
7.680718918918919371e+02 1.239339751644425470e-12
7.684501801801802685e+02 1.253041991058055221e-12
7.688284684684684862e+02 1.265740535587353167e-12
7.692067567567568176e+02 1.277937081054487538e-12
7.695850450450450353e+02 1.290830084830740381e-12
7.699633333333333667e+02 1.305718187293644264e-12
7.703416216216216981e+02 1.323182800175822150e-12
7.707199099099099158e+02 1.342817781942451812e-12
7.710981981981982472e+02 1.363581200858052481e-12
7.714764864864864649e+02 1.384197840053985636e-12
7.718547747747747962e+02 1.403354304971031285e-12
7.722330630630631276e+02 1.419782593784671830e-12
7.726113513513513453e+02 1.432342282444087153e-12
7.729896396396396767e+02 1.440172340955862703e-12
7.733679279279278944e+02 1.442917359497724104e-12
7.737462162162162258e+02 1.440921816384787629e-12
7.741245045045045572e+02 1.435282820793730377e-12
7.745027927927928886e+02 1.427709621826895152e-12
7.748810810810811063e+02 1.420108700606452183e-12
7.752593693693694377e+02 1.414035709015127509e-12
7.756376576576576554e+02 1.410414366744809730e-12
7.760159459459459868e+02 1.409572867681662171e-12
7.763942342342343181e+02 1.411347045785702543e-12
7.767725225225225358e+02 1.415234407891122032e-12
7.771508108108108672e+02 1.420646631468006807e-12
7.775290990990990849e+02 1.427168978557469434e-12
7.779073873873874163e+02 1.434721495988611275e-12
7.782856756756757477e+02 1.443507232538579770e-12
7.786639639639639654e+02 1.453742576182081783e-12
7.790422522522522968e+02 1.465381802041688134e-12
7.794205405405405145e+02 1.478037802849405952e-12
7.797988288288288459e+02 1.491053564964858507e-12
7.801771171171171773e+02 1.503572753046025555e-12
7.805554054054055086e+02 1.514643952637304384e-12
7.809336936936937263e+02 1.523443937859045934e-12
7.813119819819820577e+02 1.529509197438751712e-12
7.816902702702702754e+02 1.532872464973046392e-12
7.820685585585586068e+02 1.534108996183286712e-12
7.824468468468469382e+02 1.534251028305272401e-12
7.828251351351351559e+02 1.534538141243481368e-12
7.832034234234234873e+02 1.536065568105983553e-12
7.835817117117117050e+02 1.539501541414681254e-12
7.839600000000000364e+02 1.545015767214087762e-12
7.843382882882883678e+02 1.552365795283158640e-12
7.847165765765765855e+02 1.561075486418895809e-12
7.850948648648649169e+02 1.570680137175882733e-12
7.854731531531531346e+02 1.580929798092379836e-12
7.858514414414414659e+02 1.591847235903098493e-12
7.862297297297297973e+02 1.603587072876618849e-12
7.866080180180180150e+02 1.616194547832258906e-12
7.869863063063063464e+02 1.629493610907762161e-12
7.873645945945945641e+02 1.643109187844305841e-12
7.877428828828828955e+02 1.656476380398994684e-12
7.881211711711712269e+02 1.668880104622109882e-12
7.884994594594595583e+02 1.679611223629513236e-12
7.888777477477477760e+02 1.688152637686267038e-12
7.892560360360361074e+02 1.694291707950054491e-12
7.896343243243243251e+02 1.698173388486102041e-12
7.900126126126126564e+02 1.700305656066477954e-12
7.903909009009009878e+02 1.701485899201498794e-12
7.907691891891892055e+02 1.702639601640969496e-12
7.911474774774775369e+02 1.704594850336940676e-12
7.915257657657657546e+02 1.707899392543209196e-12
7.919040540540540860e+02 1.712797662776880127e-12
7.922823423423424174e+02 1.719319878438839129e-12
7.926606306306306351e+02 1.727342604441733177e-12
7.930389189189189665e+02 1.736646586980946716e-12
7.934172072072071842e+02 1.747082811077582229e-12
7.937954954954955156e+02 1.758711580612332190e-12
7.941737837837838470e+02 1.771696764503768862e-12
7.945520720720721783e+02 1.786020749118461268e-12
7.949303603603603960e+02 1.801286537068886139e-12
7.953086486486487274e+02 1.816789389974266067e-12
7.956869369369369451e+02 1.831779790341133138e-12
7.960652252252252765e+02 1.845666798323369442e-12
7.964435135135136079e+02 1.858042795666590227e-12
7.968218018018018256e+02 1.868662273124441811e-12
7.972000900900901570e+02 1.877517841875651977e-12
7.975783783783783747e+02 1.884920629242666278e-12
7.979566666666667061e+02 1.891435781044870168e-12
7.983349549549550375e+02 1.897732104280078698e-12
7.987132432432432552e+02 1.904441165941536815e-12
7.990915315315315866e+02 1.912029463791431667e-12
7.994698198198198043e+02 1.920733999395471046e-12
7.998481081081081356e+02 1.930587454341645558e-12
8.002263963963964670e+02 1.941492734387367828e-12
8.006046846846846847e+02 1.953307963253111112e-12
8.009829729729730161e+02 1.965864493951986192e-12
8.013612612612612338e+02 1.978946732167547767e-12
8.017395495495495652e+02 1.992361550820408365e-12
8.021178378378378966e+02 2.006021282531485029e-12
8.024961261261262280e+02 2.019891657813772565e-12
8.028744144144144457e+02 2.033886825910601974e-12
8.032527027027027771e+02 2.047863490326629345e-12
8.036309909909909948e+02 2.061707282403135770e-12
8.040092792792793261e+02 2.075403646757462004e-12
8.043875675675676575e+02 2.089001495934485385e-12
8.047658558558558752e+02 2.102487227120098518e-12
8.051441441441442066e+02 2.115726581199393912e-12
8.055224324324324243e+02 2.128564373141865245e-12
8.059007207207207557e+02 2.140956727166161382e-12
8.062790090090090871e+02 2.152998175396597532e-12
8.066572972972973048e+02 2.164844859091736251e-12
8.070355855855856362e+02 2.176595900303864365e-12
8.074138738738738539e+02 2.188215863509974779e-12
8.077921621621621853e+02 2.199551935998405222e-12
8.081704504504505167e+02 2.210404272335053880e-12
8.085487387387388480e+02 2.220598266596221674e-12
8.089270270270270657e+02 2.230037115494880116e-12
8.093053153153153971e+02 2.238710697119697593e-12
8.096836036036036148e+02 2.246679179763660652e-12
8.100618918918919462e+02 2.254030003416358357e-12
8.104401801801802776e+02 2.260776444451955800e-12
8.108184684684684953e+02 2.266772891663454573e-12
8.111967567567568267e+02 2.271762694997492716e-12
8.115750450450450444e+02 2.275499506489896176e-12
8.119533333333333758e+02 2.277758090427280194e-12
8.123316216216217072e+02 2.278279432702176692e-12
8.127099099099099249e+02 2.276840054428931642e-12
8.130881981981982563e+02 2.273350851273137478e-12
8.134664864864864740e+02 2.267821483978906980e-12
8.138447747747748053e+02 2.260281615196950352e-12
8.142230630630631367e+02 2.250756814093661366e-12
8.146013513513513544e+02 2.239249976419488946e-12
8.149796396396396858e+02 2.225697948302635204e-12
8.153579279279279035e+02 2.209974973504654723e-12
8.157362162162162349e+02 2.191981878196684701e-12
8.161145045045045663e+02 2.171688760671656299e-12
8.164927927927928977e+02 2.149088416158328616e-12
8.168710810810811154e+02 2.124352898556232969e-12
8.172493693693694468e+02 2.098383079322847445e-12
8.176276576576576645e+02 2.073350330773007830e-12
8.180059459459459958e+02 2.052474732517113211e-12
8.183842342342343272e+02 2.038910406048031287e-12
8.187625225225225449e+02 2.034804786192226755e-12
8.191408108108108763e+02 2.041212274008507758e-12
8.195190990990990940e+02 2.057913080755797171e-12
8.198973873873874254e+02 2.082799044470885909e-12
8.202756756756757568e+02 2.112167420917278030e-12
8.206539639639639745e+02 2.142211283583174140e-12
8.210322522522523059e+02 2.170299811078360915e-12
8.214105405405405236e+02 2.195270822192124775e-12
8.217888288288288550e+02 2.217151614593334648e-12
8.221671171171171864e+02 2.236802970785365763e-12
8.225454054054055177e+02 2.255512461350303117e-12
8.229236936936937354e+02 2.274326906840271415e-12
8.233019819819820668e+02 2.293354766667861840e-12
8.236802702702702845e+02 2.311698848805229368e-12
8.240585585585586159e+02 2.328041160519053600e-12
8.244368468468469473e+02 2.341194135605321409e-12
8.248151351351351650e+02 2.350371586074388059e-12
8.251934234234234964e+02 2.355355589588390375e-12
8.255717117117117141e+02 2.356410584769055119e-12
8.259500000000000455e+02 2.353940605086482935e-12
8.263282882882883769e+02 2.348339153674973612e-12
8.267065765765765946e+02 2.340169088059822340e-12
8.270848648648649259e+02 2.330329712948307722e-12
8.274631531531531436e+02 2.319910078696947635e-12
8.278414414414414750e+02 2.309846766364137120e-12
8.282197297297298064e+02 2.300785839731576938e-12
8.285980180180180241e+02 2.293197254862529119e-12
8.289763063063063555e+02 2.287390669874571221e-12
8.293545945945945732e+02 2.283419008245506595e-12
8.297328828828829046e+02 2.281202566436552412e-12
8.301111711711712360e+02 2.280734206830005799e-12
8.304894594594595674e+02 2.281972710010325872e-12
8.308677477477477851e+02 2.284616657549623831e-12
8.312460360360361165e+02 2.288176270344374593e-12
8.316243243243243342e+02 2.292265497577902594e-12
8.320026126126126655e+02 2.296764389150160404e-12
8.323809009009009969e+02 2.301741674758109046e-12
8.327591891891892146e+02 2.307272672168314842e-12
8.331374774774775460e+02 2.313301050715930524e-12
8.335157657657657637e+02 2.319543168017158409e-12
8.338940540540540951e+02 2.325422141137794147e-12
8.342723423423424265e+02 2.330218514838595991e-12
8.346506306306306442e+02 2.333415558927447960e-12
8.350289189189189756e+02 2.334869926799866337e-12
8.354072072072071933e+02 2.334708792602159032e-12
8.357854954954955247e+02 2.333212594452227058e-12
8.361637837837838561e+02 2.330791042663953057e-12
8.365420720720721874e+02 2.327927796457463014e-12
8.369203603603604051e+02 2.325144976756148435e-12
8.372986486486487365e+02 2.323120955817880775e-12
8.376769369369369542e+02 2.322731049561645913e-12
8.380552252252252856e+02 2.324777038752257362e-12
8.384335135135136170e+02 2.329582181525198004e-12
8.388118018018018347e+02 2.336726717869925271e-12
8.391900900900901661e+02 2.345074075254608609e-12
8.395683783783783838e+02 2.353067178920992991e-12
8.399466666666667152e+02 2.359102391561550592e-12
8.403249549549550466e+02 2.361834635877717162e-12
8.407032432432432643e+02 2.360359238565109963e-12
8.410815315315315956e+02 2.354182695935205708e-12
8.414598198198198133e+02 2.343105056345548522e-12
8.418381081081081447e+02 2.327373919025168465e-12
8.422163963963964761e+02 2.307966543213287953e-12
8.425946846846846938e+02 2.286478265417264450e-12
8.429729729729730252e+02 2.264691733585221449e-12
8.433512612612612429e+02 2.244154103295915922e-12
8.437295495495495743e+02 2.225783150082430925e-12
8.441078378378379057e+02 2.209738414391491577e-12
8.444861261261262371e+02 2.195770150695226452e-12
8.448644144144144548e+02 2.183675080812816496e-12
8.452427027027027862e+02 2.173477710739228973e-12
8.456209909909910039e+02 2.165333772962070300e-12
8.459992792792793352e+02 2.159390662994165018e-12
8.463775675675676666e+02 2.155792992630031335e-12
8.467558558558558843e+02 2.154577638925026353e-12
8.471341441441442157e+02 2.155311333385043021e-12
8.475124324324324334e+02 2.156984606000646644e-12
8.478907207207207648e+02 2.158433947710554280e-12
8.482690090090090962e+02 2.158840203173330424e-12
8.486472972972973139e+02 2.157940539747444776e-12
8.490255855855856453e+02 2.156046045808089003e-12
8.494038738738738630e+02 2.153927020366287478e-12
8.497821621621621944e+02 2.152410593133751103e-12
8.501604504504505258e+02 2.151922195334486109e-12
8.505387387387388571e+02 2.152481823263461103e-12
8.509170270270270748e+02 2.153980130074022154e-12
8.512953153153152925e+02 2.156256155663515158e-12
8.516736036036036239e+02 2.159047559608069526e-12
8.520518918918919553e+02 2.162057558169131502e-12
8.524301801801802867e+02 2.165156712692918629e-12
8.528084684684685044e+02 2.168618545704050892e-12
8.531867567567568358e+02 2.173260426752731714e-12
8.535650450450450535e+02 2.180398723130113746e-12
8.539433333333333849e+02 2.191421251910879183e-12
8.543216216216217163e+02 2.206882752356238874e-12
8.546999099099099340e+02 2.225887378052391395e-12
8.550781981981982653e+02 2.246602484601465391e-12
8.554564864864864830e+02 2.267313878111999043e-12
8.558347747747748144e+02 2.286945052731493801e-12
8.562130630630631458e+02 2.304977840415794799e-12
8.565913513513513635e+02 2.321241776872925251e-12
8.569696396396396949e+02 2.335761836809695146e-12
8.573479279279279126e+02 2.348659115431352500e-12
8.577262162162162440e+02 2.360144471616506397e-12
8.581045045045045754e+02 2.370537814078534919e-12
8.584827927927929068e+02 2.380188358729668806e-12
8.588610810810811245e+02 2.389395935040570274e-12
8.592393693693694559e+02 2.398402499787449508e-12
8.596176576576576736e+02 2.407332544687171861e-12
8.599959459459460049e+02 2.416106798869343120e-12
8.603742342342343363e+02 2.424494315617760422e-12
8.607525225225225540e+02 2.432254907973285874e-12
8.611308108108108854e+02 2.439178670896507388e-12
8.615090990990991031e+02 2.445038867646023876e-12
8.618873873873874345e+02 2.449581229722518762e-12
8.622656756756757659e+02 2.452563491326986441e-12
8.626439639639639836e+02 2.453795584553574764e-12
8.630222522522523150e+02 2.453140329974919842e-12
8.634005405405405327e+02 2.450536860630507983e-12
8.637788288288288641e+02 2.446072815150028092e-12
8.641571171171171954e+02 2.439994674080242871e-12
8.645354054054055268e+02 2.432679946568029316e-12
8.649136936936937445e+02 2.424717137142102370e-12
8.652919819819819622e+02 2.417090933722086700e-12
8.656702702702702936e+02 2.411255447227729790e-12
8.660485585585586250e+02 2.408683734275417659e-12
8.664268468468469564e+02 2.409944917095585400e-12
8.668051351351351741e+02 2.414336470866550181e-12
8.671834234234235055e+02 2.420556753683883673e-12
8.675617117117117232e+02 2.427521741691529276e-12
8.679400000000000546e+02 2.434739272549042609e-12
8.683182882882883860e+02 2.442374616626627229e-12
8.686965765765766037e+02 2.450926945573625876e-12
8.690748648648649350e+02 2.460642527093017111e-12
8.694531531531531527e+02 2.471245435081582977e-12
8.698314414414414841e+02 2.482148365293484394e-12
8.702097297297298155e+02 2.492780452694846256e-12
8.705880180180180332e+02 2.502813187259771218e-12
8.709663063063063646e+02 2.512217813538254973e-12
8.713445945945945823e+02 2.521103281535294015e-12
8.717228828828829137e+02 2.529542770375143258e-12
8.721011711711712451e+02 2.537576247929468814e-12
8.724794594594595765e+02 2.545299093973124045e-12
8.728577477477477942e+02 2.553002491754013740e-12
8.732360360360360119e+02 2.561222318308290189e-12
8.736143243243243433e+02 2.570456137904608981e-12
8.739926126126126746e+02 2.580832689519698343e-12
8.743709009009010060e+02 2.592125414685569869e-12
8.747491891891892237e+02 2.603931787761576496e-12
8.751274774774775551e+02 2.615736711672307287e-12
8.755057657657657728e+02 2.626917300532543094e-12
8.758840540540541042e+02 2.636839285110537636e-12
8.762623423423424356e+02 2.645019878984999450e-12
8.766406306306307670e+02 2.651214457427228177e-12
8.770189189189189847e+02 2.655409288790751413e-12
8.773972072072072024e+02 2.657834824583172616e-12
8.777754954954955338e+02 2.658976260333115071e-12
8.781537837837838651e+02 2.659425197402499562e-12
8.785320720720721965e+02 2.659638882288801651e-12
8.789103603603604142e+02 2.659890529912502660e-12
8.792886486486486319e+02 2.660479931144501100e-12
8.796669369369369633e+02 2.661972985754480405e-12
8.800452252252252947e+02 2.665170788563535045e-12
8.804235135135136261e+02 2.670666622004302040e-12
8.808018018018018438e+02 2.678309040801530638e-12
8.811800900900900615e+02 2.687210046644222611e-12
8.815583783783783929e+02 2.696401811067399453e-12
8.819366666666667243e+02 2.705378174848980252e-12
8.823149549549550557e+02 2.713898792548858917e-12
8.826932432432432734e+02 2.721477955917349865e-12
8.830715315315316047e+02 2.727303702842893362e-12
8.834498198198198224e+02 2.730513307701405045e-12
8.838281081081081538e+02 2.730354916204082049e-12
8.842063963963964852e+02 2.726262481950068394e-12
8.845846846846848166e+02 2.718012153034241947e-12
8.849629729729730343e+02 2.705860599339646820e-12
8.853412612612612520e+02 2.690669539763346314e-12
8.857195495495495834e+02 2.674030346496480016e-12
8.860978378378379148e+02 2.658082428393429002e-12
8.864761261261262462e+02 2.644981791750434182e-12
8.868544144144144639e+02 2.636422494243126685e-12
8.872327027027026816e+02 2.633343774572728017e-12
8.876109909909910129e+02 2.635752752278664003e-12
8.879892792792793443e+02 2.642735853207997997e-12
8.883675675675676757e+02 2.652597236973784941e-12
8.887458558558558934e+02 2.663259556393383408e-12
8.891241441441442248e+02 2.673207997817455815e-12
8.895024324324324425e+02 2.682105181592699569e-12
8.898807207207207739e+02 2.690203785965725521e-12
8.902590090090091053e+02 2.697513447142568244e-12
8.906372972972974367e+02 2.703661881685303685e-12
8.910155855855856544e+02 2.708149832686496907e-12
8.913938738738738721e+02 2.710614346185750627e-12
8.917721621621622035e+02 2.710937212691043749e-12
8.921504504504505348e+02 2.709115782321315074e-12
8.925287387387388662e+02 2.705062165456062219e-12
8.929070270270270839e+02 2.698610814225373967e-12
8.932853153153153016e+02 2.689738764744921633e-12
8.936636036036036330e+02 2.678724979394963837e-12
8.940418918918919644e+02 2.666107914746079144e-12
8.944201801801802958e+02 2.652541995106143696e-12
8.947984684684685135e+02 2.638677404033714283e-12
8.951767567567567312e+02 2.625068422033863348e-12
8.955550450450450626e+02 2.612114602816307339e-12
8.959333333333333940e+02 2.600140823520017513e-12
8.963116216216217254e+02 2.589491664047034799e-12
8.966899099099099431e+02 2.580387662868802533e-12
8.970681981981982744e+02 2.572742616986724270e-12
8.974464864864864921e+02 2.566252669445981630e-12
8.978247747747748235e+02 2.560689250666402670e-12
8.982030630630631549e+02 2.556229315393833122e-12
8.985813513513514863e+02 2.553587151933557904e-12
8.989596396396397040e+02 2.553588572114700130e-12
8.993379279279279217e+02 2.556525475446852848e-12
8.997162162162162531e+02 2.562179091414947058e-12
9.000945045045045845e+02 2.570285891978277476e-12
9.004727927927929159e+02 2.580654552838835108e-12
9.008510810810811336e+02 2.593119847680423676e-12
9.012293693693693513e+02 2.607631264426775660e-12
9.016076576576576826e+02 2.624274971698784506e-12
9.019859459459460140e+02 2.643121747484286829e-12
9.023642342342343454e+02 2.663928773805661499e-12
9.027425225225225631e+02 2.685822837894053397e-12
9.031208108108108945e+02 2.707252399192759744e-12
9.034990990990991122e+02 2.726354967515786174e-12
9.038773873873874436e+02 2.741497435078069810e-12
9.042556756756757750e+02 2.751639409433987852e-12
9.046339639639641064e+02 2.756424894803077539e-12
9.050122522522523241e+02 2.756097203453490305e-12
9.053905405405405418e+02 2.751385017207859279e-12
9.057688288288288732e+02 2.743444929936379117e-12
9.061471171171172045e+02 2.733752003706736156e-12
9.065254054054055359e+02 2.723883863558554611e-12
9.069036936936937536e+02 2.715247890901107538e-12
9.072819819819819713e+02 2.708778473941796509e-12
9.076602702702703027e+02 2.704845130303465007e-12
9.080385585585586341e+02 2.703506792214128788e-12
9.084168468468469655e+02 2.704775657103065781e-12
9.087951351351351832e+02 2.708538797229075611e-12
9.091734234234234009e+02 2.714303855110713258e-12
9.095517117117117323e+02 2.721247331250400884e-12
9.099300000000000637e+02 2.728509496551791560e-12
9.103082882882883951e+02 2.735304140008126559e-12
9.106865765765766128e+02 2.740841023755604560e-12
9.110648648648649441e+02 2.744423796193378945e-12
9.114431531531531618e+02 2.745854566389100182e-12
9.118214414414414932e+02 2.745598979455074163e-12
9.121997297297298246e+02 2.744459938681264164e-12
9.125780180180181560e+02 2.743416833827259343e-12
9.129563063063063737e+02 2.743653069832009475e-12
9.133345945945945914e+02 2.746141856614850376e-12
9.137128828828829228e+02 2.751017488207670269e-12
9.140911711711712542e+02 2.757515028524697070e-12
9.144694594594595856e+02 2.764678709893067551e-12
9.148477477477478033e+02 2.772186413803187990e-12
9.152260360360360210e+02 2.780447214812415248e-12
9.156043243243243523e+02 2.789882532298685151e-12
9.159826126126126837e+02 2.800273763646769489e-12
9.163609009009010151e+02 2.810997942678044469e-12
9.167391891891892328e+02 2.821802811780163399e-12
9.171174774774775642e+02 2.833109284408840414e-12
9.174957657657657819e+02 2.845475336283900150e-12
9.178740540540541133e+02 2.858892301358257489e-12
9.182523423423424447e+02 2.872683595816314223e-12
9.186306306306307761e+02 2.885889913712049702e-12
9.190089189189189938e+02 2.897634968956668616e-12
9.193872072072072115e+02 2.907266965916631003e-12
9.197654954954955429e+02 2.914287919823039759e-12
9.201437837837838742e+02 2.918386809151943885e-12
9.205220720720722056e+02 2.919740927218884494e-12
9.209003603603604233e+02 2.919081670407421623e-12
9.212786486486486410e+02 2.917257900768284819e-12
9.216569369369369724e+02 2.914802946545249219e-12
9.220352252252253038e+02 2.911956946465208745e-12
9.224135135135136352e+02 2.908974539825752050e-12
9.227918018018018529e+02 2.906286030558292891e-12
9.231700900900900706e+02 2.904397785116395417e-12
9.235483783783784020e+02 2.903721260553965513e-12
9.239266666666667334e+02 2.904463053170687159e-12
9.243049549549550647e+02 2.906571144847064299e-12
9.246832432432432824e+02 2.909661941710913411e-12
9.250615315315316138e+02 2.912895605963804723e-12
9.254398198198198315e+02 2.914945211550535069e-12
9.258181081081081629e+02 2.914185660882702813e-12
9.261963963963964943e+02 2.908955967333900367e-12
9.265746846846848257e+02 2.897811109178169064e-12
9.269529729729730434e+02 2.879897034183304005e-12
9.273312612612612611e+02 2.855264461708903773e-12
9.277095495495495925e+02 2.824722713878077705e-12
9.280878378378379239e+02 2.789304758429351877e-12
9.284661261261262553e+02 2.749808756339523179e-12
9.288444144144144730e+02 2.706731471182320510e-12
9.292227027027026907e+02 2.660518766940726943e-12
9.296009909909910220e+02 2.611753742346668294e-12
9.299792792792793534e+02 2.561046809349563947e-12
9.303575675675676848e+02 2.508931897243586388e-12
9.307358558558559025e+02 2.456032134063981409e-12
9.311141441441442339e+02 2.403248974870372657e-12
9.314924324324324516e+02 2.351777194771201820e-12
9.318707207207207830e+02 2.302967309606587946e-12
9.322490090090091144e+02 2.258078859472198018e-12
9.326272972972974458e+02 2.218060304842656713e-12
9.330055855855856635e+02 2.183673487786428370e-12
9.333838738738738812e+02 2.155943149645652467e-12
9.337621621621622126e+02 2.136218270412764267e-12
9.341404504504505439e+02 2.125445060180846856e-12
9.345187387387388753e+02 2.123195662360771933e-12
9.348970270270270930e+02 2.127796193983470016e-12
9.352753153153153107e+02 2.137960805699187146e-12
9.356536036036036421e+02 2.153761732587966956e-12
9.360318918918919735e+02 2.175864372406779976e-12
9.364101801801803049e+02 2.205015115026875046e-12
9.367884684684685226e+02 2.242199482776980037e-12
9.371667567567567403e+02 2.288067527807085622e-12
9.375450450450450717e+02 2.342120287416887215e-12
9.379233333333334031e+02 2.402456149709525151e-12
9.383016216216217344e+02 2.465607899057907957e-12
9.386799099099099521e+02 2.526700731253686311e-12
9.390581981981982835e+02 2.580550995019979031e-12
9.394364864864865012e+02 2.623259730802579621e-12
9.398147747747748326e+02 2.653150009368614356e-12
9.401930630630631640e+02 2.670428727696187970e-12
9.405713513513514954e+02 2.676265662300859282e-12
9.409496396396397131e+02 2.672164832011711325e-12
9.413279279279279308e+02 2.659631696032625111e-12
9.417062162162162622e+02 2.640089305964549296e-12
9.420845045045045936e+02 2.615289331731163121e-12
9.424627927927929250e+02 2.587773405609112473e-12
9.428410810810811427e+02 2.560367118769879070e-12
9.432193693693693604e+02 2.535261178544175004e-12
9.435976576576576917e+02 2.514222443251662214e-12
9.439759459459460231e+02 2.498961557640852881e-12
9.443542342342343545e+02 2.490245539064169120e-12
9.447325225225225722e+02 2.487542261415885108e-12
9.451108108108109036e+02 2.490370187431026675e-12
9.454890990990991213e+02 2.499266856419754703e-12
9.458673873873874527e+02 2.514928418299243681e-12
9.462456756756757841e+02 2.536818171842375584e-12
9.466239639639641155e+02 2.563036453392802777e-12
9.470022522522523332e+02 2.591337988514399083e-12
9.473805405405405509e+02 2.619944924143137273e-12
9.477588288288288823e+02 2.647674432771750298e-12
9.481371171171172136e+02 2.673577015002970476e-12
9.485154054054055450e+02 2.696563525999455099e-12
9.488936936936937627e+02 2.715976414244663916e-12
9.492719819819819804e+02 2.732609160187807971e-12
9.496502702702703118e+02 2.748185535347029887e-12
9.500285585585586432e+02 2.763306105191291453e-12
9.504068468468469746e+02 2.776316208541092851e-12
9.507851351351351923e+02 2.784644281364682033e-12
9.511634234234234100e+02 2.787297319638521543e-12
9.515417117117117414e+02 2.785982769107888489e-12
9.519200000000000728e+02 2.783951940901006377e-12
9.522982882882884041e+02 2.783900475615520678e-12
9.526765765765766218e+02 2.786847723085277906e-12
9.530548648648649532e+02 2.792514738124749252e-12
9.534331531531531709e+02 2.800269211015562687e-12
9.538114414414415023e+02 2.809866420166834549e-12
9.541897297297298337e+02 2.821662298711716309e-12
9.545680180180181651e+02 2.836176149983823870e-12
9.549463063063063828e+02 2.853681562968993744e-12
9.553245945945946005e+02 2.874208562328163836e-12
9.557028828828829319e+02 2.897287659479322933e-12
9.560811711711712633e+02 2.921639308498040082e-12
9.564594594594595947e+02 2.945439849926899057e-12
9.568377477477478124e+02 2.966774458780661177e-12
9.572160360360360301e+02 2.984151912896720200e-12
9.575943243243243614e+02 2.997142555614043463e-12
9.579726126126126928e+02 3.006528125039068776e-12
9.583509009009010242e+02 3.013836952852306429e-12
9.587291891891892419e+02 3.020794143398791819e-12
9.591074774774775733e+02 3.028709526552609179e-12
9.594857657657657910e+02 3.037840974509439150e-12
9.598640540540541224e+02 3.047328308509315135e-12
9.602423423423424538e+02 3.055731323425410716e-12
9.606206306306307852e+02 3.061638596402632176e-12
9.609989189189190029e+02 3.064197523013080659e-12
9.613772072072072206e+02 3.063554374934020944e-12
9.617554954954955519e+02 3.060859318900725147e-12
9.621337837837838833e+02 3.057566668066269552e-12
9.625120720720722147e+02 3.054536241655260500e-12
9.628903603603604324e+02 3.052057601430796732e-12
9.632686486486486501e+02 3.050832091821973697e-12
9.636469369369369815e+02 3.052292653805919419e-12
9.640252252252253129e+02 3.057650958228945149e-12
9.644035135135136443e+02 3.067069512847543385e-12
9.647818018018018620e+02 3.079772244960112119e-12
9.651600900900900797e+02 3.094699406571250203e-12
9.655383783783784111e+02 3.111332052423897086e-12
9.659166666666667425e+02 3.130066611787745262e-12
9.662949549549550738e+02 3.151684296806322111e-12
9.666732432432432915e+02 3.176623356127983557e-12
9.670515315315316229e+02 3.204852844558143994e-12
9.674298198198198406e+02 3.236067964729013450e-12
9.678081081081081720e+02 3.269671122432252033e-12
9.681863963963965034e+02 3.304639448361094722e-12
9.685646846846848348e+02 3.339586121931955700e-12
9.689429729729730525e+02 3.372994130582930849e-12
9.693212612612612702e+02 3.403504502931484430e-12
9.696995495495496016e+02 3.430223358943507291e-12
9.700778378378379330e+02 3.452727059619080874e-12
9.704561261261262644e+02 3.470544579244774338e-12
9.708344144144144821e+02 3.482777808792814570e-12
9.712127027027026998e+02 3.488448700535196964e-12
9.715909909909910311e+02 3.487130663375400117e-12
9.719692792792793625e+02 3.479351237508684205e-12
9.723475675675676939e+02 3.466678025414848039e-12
9.727258558558559116e+02 3.451373249988955364e-12
9.731041441441442430e+02 3.435841735272806732e-12
9.734824324324324607e+02 3.422398632394900217e-12
9.738607207207207921e+02 3.413223688871811977e-12
9.742390090090091235e+02 3.410015138594379402e-12
9.746172972972974549e+02 3.413537423134279327e-12
9.749955855855856726e+02 3.423621885536447897e-12
9.753738738738738903e+02 3.439589171825040305e-12
9.757521621621622216e+02 3.460583909281672093e-12
9.761304504504505530e+02 3.485625177372094699e-12
9.765087387387388844e+02 3.513541342457055875e-12
9.768870270270271021e+02 3.542983156074119429e-12
9.772653153153153198e+02 3.572653396369187306e-12
9.776436036036036512e+02 3.601692908598016424e-12
9.780218918918919826e+02 3.629790520404219177e-12
9.784001801801803140e+02 3.656608564722378321e-12
9.787784684684685317e+02 3.681112731260537278e-12
9.791567567567567494e+02 3.701861112698603699e-12
9.795350450450450808e+02 3.717960054141257594e-12
9.799133333333334122e+02 3.729625299620783577e-12
9.802916216216217435e+02 3.738114940548982220e-12
9.806699099099099612e+02 3.745256132151241273e-12
9.810481981981982926e+02 3.752843324888755408e-12
9.814264864864865103e+02 3.762268073250374046e-12
9.818047747747748417e+02 3.774509202745072151e-12
9.821830630630631731e+02 3.790397628575226399e-12
9.825613513513515045e+02 3.810877569824972526e-12
9.829396396396397222e+02 3.836930878942097624e-12
9.833179279279279399e+02 3.869126304404553371e-12
9.836962162162162713e+02 3.907082011248646480e-12
9.840745045045046027e+02 3.949253637707069035e-12
9.844527927927929341e+02 3.993223208282609610e-12
9.848310810810811518e+02 4.036116737511722000e-12
9.852093693693693695e+02 4.074763158682158086e-12
9.855876576576577008e+02 4.106306507131051862e-12
9.859659459459460322e+02 4.129760511809127138e-12
9.863442342342343636e+02 4.146512690513652631e-12
9.867225225225225813e+02 4.158500317793602794e-12
9.871008108108109127e+02 4.166311993774936573e-12
9.874790990990991304e+02 4.168949730050367149e-12
9.878573873873874618e+02 4.164590428737205614e-12
9.882356756756757932e+02 4.151732748093462681e-12
9.886139639639641246e+02 4.130269300942508421e-12
9.889922522522523423e+02 4.101609242983039687e-12
9.893705405405405600e+02 4.067961598172350576e-12
9.897488288288288913e+02 4.031920751737883928e-12
9.901271171171172227e+02 3.996711793166863787e-12
9.905054054054055541e+02 3.966443393767469293e-12
9.908836936936937718e+02 3.945788164025248794e-12
9.912619819819819895e+02 3.939031639316273918e-12
9.916402702702703209e+02 3.948945437081057094e-12
9.920185585585586523e+02 3.976221180015222778e-12
9.923968468468469837e+02 4.019779634688714663e-12
9.927751351351352014e+02 4.077557848969186964e-12
9.931534234234234191e+02 4.147065434950571403e-12
9.935317117117117505e+02 4.225217491194936034e-12
9.939100000000000819e+02 4.307921044312742605e-12
