6.160000000000000000e+02 1.809376800000000170e-14
6.161899999999999409e+02 7.315346061000000274e-15
6.163799999999999955e+02 1.242233760600000136e-14
6.165699999999999363e+02 1.439222356799999892e-14
6.167599999999999909e+02 2.318388504800000236e-14
6.169500000000000455e+02 1.721432398500000011e-14
6.171399999999999864e+02 1.985826920599999645e-14
6.173300000000000409e+02 2.113997198600000098e-14
6.175199999999999818e+02 1.361082007199999801e-14
6.177100000000000364e+02 1.758694495199999912e-14
6.178999999999999773e+02 2.203085375999999955e-14
6.180899999999999181e+02 2.842014905399999526e-14
6.182799999999999727e+02 2.055261644799999988e-14
6.184700000000000273e+02 3.008454544500000095e-14
6.186600000000000819e+02 2.508653926800000107e-14
6.188500000000000227e+02 2.020761847500000026e-14
6.190399999999999636e+02 1.655152009599999911e-14
6.192300000000000182e+02 1.651678371300000200e-14
6.194199999999999591e+02 1.482216312199999793e-14
6.196100000000000136e+02 1.690878513400000015e-15
6.197999999999999545e+02 -7.232136299999999890e-15
6.199900000000000091e+02 3.688277110699999450e-15
6.201800000000000637e+02 1.735604739000000133e-14
6.203700000000000045e+02 1.959308367299999719e-14
6.205600000000000591e+02 1.588664628000000018e-14
6.207500000000000000e+02 8.458091200000000716e-15
6.209399999999999409e+02 1.934395753799999791e-14
6.211299999999999955e+02 1.301093433600000051e-14
6.213199999999999363e+02 2.102720849599999936e-14
6.215099999999999909e+02 2.126384593200000155e-14
6.217000000000000455e+02 5.044299724000000073e-15
6.218899999999999864e+02 1.665402763299999956e-14
6.220800000000000409e+02 2.655242726400000080e-14
6.222699999999999818e+02 1.497082056800000141e-14
6.224600000000000364e+02 1.090332058999999974e-14
6.226499999999999773e+02 6.590065334999999474e-15
6.228399999999999181e+02 2.310406294800000058e-14
6.230299999999999727e+02 2.634239373300000429e-14
6.232200000000000273e+02 1.616626447800000026e-14
6.234100000000000819e+02 1.024443418900000120e-14
6.236000000000000227e+02 1.557366168000000041e-14
6.237899999999999636e+02 8.916641397000000056e-15
6.239800000000000182e+02 3.161313552600000189e-15
6.241699999999999591e+02 1.082498031000000096e-14
6.243600000000000136e+02 1.695705567599999979e-14
6.245499999999999545e+02 1.912422063999999887e-14
6.247400000000000091e+02 9.175056587999999626e-15
6.249300000000000637e+02 -1.615537789500000061e-14
6.251200000000000045e+02 -4.424030500799999753e-15
6.253100000000000591e+02 1.270361036700000032e-14
6.255000000000000000e+02 1.912991669999999886e-14
6.256899999999999409e+02 1.204290570599999940e-14
6.258799999999999955e+02 3.006095381199999945e-14
6.260699999999999363e+02 2.544329697899999855e-14
6.262599999999999909e+02 1.736518778400000251e-14
6.264500000000000455e+02 3.541284262999999852e-14
6.266399999999999864e+02 2.771879375999999707e-14
6.268300000000000409e+02 1.911894183000000106e-14
6.270199999999999818e+02 2.262338321599999778e-14
6.272100000000000364e+02 1.792108316699999977e-14
6.273999999999999773e+02 2.556655000000000126e-14
6.275899999999999181e+02 1.408512788799999913e-14
6.277799999999999727e+02 -1.096706548800000032e-15
6.279700000000000273e+02 1.651780889499999950e-14
6.281600000000000819e+02 1.747691878399999912e-14
6.283500000000000227e+02 1.709903721000000234e-14
6.285399999999999636e+02 2.585926697199999667e-14
6.287300000000000182e+02 2.970290277100000606e-14
6.289199999999999591e+02 2.938502916000000030e-14
6.291100000000000136e+02 1.594397510700000150e-14
6.292999999999999545e+02 3.190922287000000249e-14
6.294900000000000091e+02 4.126332129599999943e-14
6.296800000000000637e+02 3.236139611199999900e-14
6.298700000000000045e+02 3.500244278299999498e-14
6.300600000000000591e+02 3.030601201200000459e-14
6.302500000000000000e+02 3.053120074999999710e-14
6.304399999999999409e+02 3.732614586000000006e-14
6.306299999999999955e+02 2.912810600699999653e-14
6.308199999999999363e+02 3.110548187199999628e-14
6.310099999999999909e+02 3.817181413200000513e-14
6.312000000000000455e+02 4.422326063999999976e-14
6.313899999999999864e+02 4.695862102599999560e-14
6.315800000000000409e+02 5.236802412200000000e-14
6.317699999999999818e+02 5.327229947099999872e-14
6.319600000000000364e+02 4.671012267600000241e-14
6.321499999999999773e+02 3.164681972999999943e-14
6.323399999999999181e+02 5.703902825399999710e-14
6.325299999999999727e+02 4.880044853599999782e-14
6.327200000000000273e+02 5.034426496000000516e-14
6.329100000000000819e+02 3.675555204899999917e-14
6.331000000000000227e+02 3.567113315999999892e-14
6.332899999999999636e+02 4.668860863099999227e-14
6.334800000000000182e+02 4.582644998400000185e-14
6.336699999999999591e+02 5.178674411699999857e-14
6.338600000000000136e+02 5.975379204199999890e-14
6.340499999999999545e+02 6.289351186499999561e-14
6.342400000000000091e+02 6.091983020799998960e-14
6.344300000000000637e+02 6.534248342000000009e-14
6.346200000000000045e+02 7.174061789999999820e-14
6.348100000000000591e+02 6.015859490300000954e-14
6.350000000000000000e+02 6.400545999999999382e-14
6.351899999999999409e+02 5.778361541400000287e-14
6.353799999999999955e+02 5.545196350599999681e-14
6.355699999999999363e+02 6.544972745999999674e-14
6.357599999999999909e+02 4.668563692800000649e-14
6.359500000000000455e+02 5.958883297500000419e-14
6.361399999999999864e+02 5.524500577399999132e-14
6.363300000000000409e+02 2.664453702599999816e-14
6.365199999999999818e+02 4.507770987999999152e-14
6.367100000000000364e+02 5.958739674400000450e-14
6.368999999999999773e+02 4.274675360999999685e-14
6.370899999999999181e+02 4.514566270699999544e-14
6.372799999999999727e+02 4.757333436800000124e-14
6.374700000000000273e+02 5.622785010899999686e-14
6.376600000000000819e+02 5.190392985000000249e-14
6.378500000000000227e+02 4.134951923999999998e-14
6.380399999999999636e+02 4.297052650799999815e-14
6.382300000000000182e+02 3.242776424700000361e-14
6.384199999999999591e+02 4.170983001799999973e-14
6.386100000000000136e+02 5.634705087900001018e-14
6.387999999999999545e+02 3.331942471999999971e-14
6.389900000000000091e+02 5.032078199499999609e-14
6.391800000000000637e+02 6.843892014000000490e-14
6.393700000000000045e+02 5.576796132099999761e-14
6.395600000000000591e+02 6.500999488000000614e-14
6.397500000000000000e+02 6.423729750000000950e-14
6.399399999999999409e+02 6.845950132000000078e-14
6.401299999999999955e+02 7.709277629000000616e-14
6.403199999999999363e+02 6.711321983999999211e-14
6.405099999999999909e+02 6.777684667000000383e-14
6.407000000000000455e+02 7.983890839999999820e-14
6.408899999999999864e+02 8.366754860999999642e-14
6.410800000000000409e+02 6.971360351999999526e-14
6.412699999999999818e+02 8.209795048000000150e-14
6.414600000000000364e+02 7.375250496000000468e-14
6.416499999999999773e+02 5.471208387000000619e-14
6.418399999999999181e+02 5.916314241600000459e-14
6.420299999999999727e+02 6.477248060999999173e-14
6.422200000000000273e+02 6.406895897399999325e-14
6.424100000000000819e+02 6.400767668800000115e-14
6.426000000000000227e+02 7.575290100000000690e-14
6.427899999999999636e+02 7.606198349000000081e-14
6.429800000000000182e+02 6.807422154000000092e-14
6.431699999999999591e+02 6.611144430000000366e-14
6.433600000000000136e+02 8.094755519999999678e-14
6.435499999999999545e+02 6.902459879999999773e-14
6.437400000000000091e+02 8.046492503999998921e-14
6.439300000000000637e+02 7.211565249000000457e-14
6.441200000000000045e+02 6.735434015999999941e-14
6.443100000000000591e+02 8.391300146999999676e-14
6.445000000000000000e+02 8.822624950000000306e-14
6.446899999999999409e+02 7.170177710999999079e-14
6.448799999999999955e+02 7.651178760000000040e-14
6.450699999999999363e+02 8.080533861999999521e-14
6.452599999999999909e+02 7.369643512000000215e-14
6.454500000000000455e+02 7.773477075000000142e-14
6.456399999999999864e+02 8.081863263999999672e-14
6.458300000000000409e+02 8.393271263000000097e-14
6.460199999999999818e+02 7.948242468000000456e-14
6.462100000000000364e+02 6.936418140000000504e-14
6.463999999999999773e+02 5.501381119999999905e-14
6.465899999999999181e+02 8.652602720999999889e-14
6.467799999999999727e+02 1.034712176200000047e-13
6.469700000000000273e+02 9.365408326000000996e-14
6.471600000000000819e+02 8.949122628000000551e-14
6.473500000000000227e+02 8.980492344999999532e-14
6.475399999999999636e+02 2.533655659599999625e-14
6.477300000000000182e+02 6.730432883999999788e-14
6.479199999999999591e+02 9.915249344000000455e-14
6.481100000000000136e+02 8.393672609999999940e-14
6.482999999999999545e+02 7.146988859999999850e-14
6.484900000000000091e+02 8.594437970000000131e-14
6.486800000000000637e+02 8.614794740000000120e-14
6.488700000000000045e+02 9.182224256999998622e-14
6.490600000000000591e+02 6.931571364000000959e-14
6.492500000000000000e+02 8.818892600000000489e-14
6.494399999999999409e+02 7.808411951999999695e-14
6.496299999999999955e+02 6.507863414000000811e-14
6.498199999999999363e+02 8.370851276000000018e-14
6.500099999999999909e+02 1.023317243100000046e-13
6.502000000000000455e+02 9.443049660000000022e-14
6.503899999999999864e+02 1.021333432599999844e-13
6.505800000000000409e+02 9.923166624000000016e-14
6.507699999999999818e+02 9.786279259999999481e-14
6.509600000000000364e+02 8.651714072000000375e-14
6.511499999999999773e+02 9.079830945000000803e-14
6.513399999999999181e+02 1.004170878000000033e-13
6.515299999999999727e+02 9.733336976000001205e-14
6.517200000000000273e+02 1.065575234400000065e-13
6.519100000000000819e+02 1.098892091500000044e-13
6.521000000000000227e+02 1.076134545999999982e-13
6.522899999999999636e+02 1.090707154799999999e-13
6.524800000000000182e+02 1.138329657600000019e-13
6.526699999999999591e+02 1.129399748100000056e-13
6.528600000000000136e+02 1.167026421600000141e-13
6.530499999999999545e+02 1.238483203000000126e-13
6.532400000000000091e+02 9.949629087999999139e-14
6.534300000000000637e+02 1.131642745500000026e-13
6.536200000000000045e+02 1.251551576000000073e-13
6.538100000000000591e+02 1.384599589400000082e-13
6.540000000000000000e+02 1.341295140000000042e-13
6.541899999999999409e+02 1.320286257999999825e-13
6.543799999999999955e+02 1.062484087000000136e-13
6.545699999999999363e+02 9.621262601999999207e-14
6.547599999999999909e+02 1.036000557600000105e-13
6.549500000000000455e+02 1.123304744999999992e-13
6.551399999999999864e+02 1.039785796799999929e-13
6.553300000000000409e+02 9.432361288999999391e-14
6.555199999999999818e+02 1.111047403199999934e-13
6.557100000000000364e+02 1.098530634299999930e-13
6.558999999999999773e+02 1.152160499000000078e-13
6.560899999999999181e+02 1.389592059099999823e-13
6.562799999999999727e+02 1.369794178799999980e-13
6.564700000000000273e+02 1.275993868399999971e-13
6.566600000000000819e+02 1.200348213599999973e-13
6.568500000000000227e+02 1.007450255999999993e-13
6.570399999999999636e+02 9.222870479999999519e-14
6.572300000000000182e+02 8.906320899000000561e-14
6.574199999999999591e+02 9.412413623999999426e-14
6.576100000000000136e+02 9.042663588000000553e-14
6.577999999999999545e+02 7.773946180000000723e-14
6.579900000000000091e+02 8.031162743999999790e-14
6.581800000000000637e+02 7.324753584000000531e-14
6.583700000000000045e+02 8.007095940000000383e-14
6.585600000000000591e+02 1.077226348799999996e-13
6.587500000000000000e+02 1.042425762500000010e-13
6.589399999999999409e+02 9.665727283999999406e-14
6.591299999999999955e+02 9.932891361000000276e-14
6.593199999999999363e+02 1.002285077599999840e-13
6.595099999999999909e+02 9.004355981000000176e-14
6.597000000000000455e+02 8.287019460000000086e-14
6.598899999999999864e+02 8.579955768999999393e-14
6.600800000000000409e+02 9.401783471999999831e-14
6.602699999999999818e+02 8.974852028999999600e-14
6.604600000000000364e+02 8.601764994000001202e-14
6.606499999999999773e+02 7.928592780000000327e-14
6.608399999999999181e+02 8.828029392000000107e-14
6.610299999999999727e+02 8.135758931000000007e-14
6.612200000000000273e+02 7.775881078000000407e-14
6.614100000000000819e+02 9.377669403000000887e-14
6.616000000000000227e+02 8.948470799999999894e-14
6.617899999999999636e+02 8.654029292999999901e-14
6.619800000000000182e+02 7.656725472000001048e-14
6.621699999999999591e+02 8.645291520000000545e-14
6.623600000000000136e+02 8.913179812000000557e-14
6.625499999999999545e+02 6.237749237999999546e-14
6.627400000000000091e+02 6.240273683800000151e-14
6.629300000000000637e+02 7.844185518000000185e-14
6.631200000000000045e+02 7.391599703999999072e-14
6.633100000000000591e+02 7.885561942000000093e-14
6.635000000000000000e+02 6.216265150000000257e-14
6.636899999999999409e+02 7.424301815999999400e-14
6.638799999999999955e+02 6.916102676000000336e-14
6.640699999999999363e+02 6.851940667000000223e-14
6.642599999999999909e+02 7.104592830000000182e-14
6.644500000000000455e+02 7.585959205000000056e-14
6.646399999999999864e+02 6.195395235199999632e-14
6.648300000000000409e+02 6.159856047299999338e-14
6.650199999999999818e+02 6.199788604200000503e-14
6.652100000000000364e+02 5.619128651500000419e-14
6.653999999999999773e+02 5.778812688000000820e-14
6.655899999999999181e+02 5.374985356799999550e-14
6.657799999999999727e+02 5.352964409200000171e-14
6.659700000000000273e+02 6.296340108299999752e-14
6.661600000000000819e+02 5.603131714400000601e-14
6.663500000000000227e+02 5.322157440500000231e-14
6.665399999999999636e+02 5.952328842600000624e-14
6.667300000000000182e+02 6.821714668000000114e-14
6.669199999999999591e+02 7.483309244000000008e-14
6.671100000000000136e+02 7.415661471000000805e-14
6.672999999999999545e+02 6.868185249999999520e-14
6.674900000000000091e+02 6.391497095799999498e-14
6.676800000000000637e+02 7.635655248000000452e-14
6.678700000000000045e+02 6.403804708000000224e-14
6.680600000000000591e+02 5.058563681200000567e-14
6.682500000000000000e+02 5.476502542500000160e-14
6.684399999999999409e+02 4.500506253999999804e-14
6.686299999999999955e+02 4.033136042200000359e-14
6.688199999999999363e+02 7.151625377999999700e-14
6.690099999999999909e+02 6.426851255100000887e-14
6.692000000000000455e+02 6.274579807999999689e-14
6.693899999999999864e+02 4.952180689499999736e-14
6.695800000000000409e+02 5.308811900600000219e-14
6.697699999999999818e+02 6.788185926999999833e-14
6.699600000000000364e+02 6.686374989600001008e-14
6.701499999999999773e+02 7.823666175000000593e-14
6.703399999999999181e+02 7.211383651999999231e-14
6.705299999999999727e+02 6.163250253299999450e-14
6.707200000000000273e+02 5.723542169600000029e-14
6.709100000000000819e+02 5.972051692200000707e-14
6.711000000000000227e+02 6.075501854999999407e-14
6.712899999999999636e+02 4.466575698799999386e-14
6.714800000000000182e+02 4.227913386800000141e-14
6.716699999999999591e+02 5.445866776499999830e-14
6.718600000000000136e+02 4.478497825200000001e-14
6.720499999999999545e+02 5.560434172000000502e-14
6.722400000000000091e+02 4.424925686399999699e-14
6.724300000000000637e+02 5.781021920300000037e-14
6.726200000000000045e+02 5.958720401399999660e-14
6.728100000000000591e+02 5.286012502200000324e-14
6.730000000000000000e+02 5.535512490000000077e-14
6.731899999999999409e+02 5.681790918999999731e-14
6.733799999999999955e+02 5.735123589600000643e-14
6.735699999999999363e+02 4.615631689299999497e-14
6.737599999999999909e+02 5.596634603199999932e-14
6.739500000000000455e+02 6.735705661500000338e-14
6.741399999999999864e+02 5.835989531599999875e-14
6.743300000000000409e+02 6.639662222299999909e-14
6.745199999999999818e+02 5.661172162799999673e-14
6.747100000000000364e+02 5.049070837200000682e-14
6.748999999999999773e+02 4.215087949999999842e-14
6.750899999999999181e+02 5.099299065900000226e-14
6.752799999999999727e+02 5.849896617600000502e-14
6.754700000000000273e+02 5.506411175900000105e-14
6.756600000000000819e+02 5.194541646000000370e-14
6.758500000000000227e+02 5.130471969000000042e-14
6.760399999999999636e+02 5.760286705199999127e-14
6.762300000000000182e+02 6.885711974999999272e-14
6.764199999999999591e+02 6.360343438999999703e-14
6.766100000000000136e+02 7.484253854000000018e-14
6.767999999999999545e+02 7.251438240000000466e-14
6.769900000000000091e+02 7.785114203999999404e-14
6.771800000000000637e+02 7.376589458000000160e-14
6.773700000000000045e+02 5.222407547099999520e-14
6.775600000000000591e+02 7.091749495999999887e-14
6.777500000000000000e+02 7.713608300000000469e-14
6.779399999999999409e+02 6.993900215999999321e-14
6.781299999999999955e+02 6.654137062400000032e-14
6.783199999999999363e+02 6.931548583999999381e-14
6.785099999999999909e+02 7.192206000000000575e-14
6.787000000000000455e+02 6.410355435000000486e-14
6.788899999999999864e+02 6.160424371399999679e-14
6.790800000000000409e+02 4.583314644000000033e-14
6.792699999999999818e+02 4.866955964599999995e-14
6.794600000000000364e+02 6.046895037600000477e-14
6.796499999999999773e+02 4.856112842999999741e-14
6.798399999999999181e+02 5.266659294399999417e-14
6.800299999999999727e+02 7.523103886999999608e-14
6.802200000000000273e+02 7.430315148000000332e-14
6.804100000000000819e+02 6.032807636299999956e-14
6.806000000000000227e+02 7.282351940000000296e-14
6.807899999999999636e+02 6.944398394999999614e-14
6.809800000000000182e+02 6.514758605200000491e-14
6.811699999999999591e+02 6.173355157900000242e-14
6.813600000000000136e+02 6.254087608800000669e-14
6.815499999999999545e+02 6.182578592500000385e-14
6.817400000000000091e+02 6.068808575599999125e-14
6.819300000000000637e+02 6.806766126600000222e-14
6.821200000000000045e+02 6.177783488799999757e-14
6.823100000000000591e+02 6.036007653299999847e-14
6.825000000000000000e+02 4.985532824999999548e-14
6.826899999999999409e+02 5.174373759099999774e-14
6.828799999999999955e+02 6.170606111999999890e-14
6.830699999999999363e+02 6.658737127500000087e-14
6.832599999999999909e+02 7.295781953999999725e-14
6.834500000000000455e+02 6.535422279999999120e-14
6.836399999999999864e+02 6.399670258799999848e-14
6.838300000000000409e+02 7.329905386999999590e-14
6.840199999999999818e+02 6.648831724599999649e-14
6.842100000000000364e+02 7.169289222000000798e-14
6.843999999999999773e+02 8.105554520000000428e-14
6.845899999999999181e+02 6.958104300999999227e-14
6.847799999999999727e+02 6.920044290000000342e-14
6.849700000000000273e+02 6.456088839199999991e-14
6.851600000000000819e+02 6.143281591999999463e-14
6.853500000000000227e+02 5.695484665500000508e-14
6.855399999999999636e+02 6.222872808199998851e-14
6.857300000000000182e+02 5.814647535000000847e-14
6.859199999999999591e+02 5.335984315199999348e-14
6.861100000000000136e+02 6.577407237199999971e-14
6.862999999999999545e+02 7.257485239999999753e-14
6.864900000000000091e+02 6.239370312000000196e-14
6.866800000000000637e+02 4.136045309999999727e-14
6.868700000000000045e+02 4.754452321699999505e-14
6.870600000000000591e+02 6.287134906800000381e-14
6.872500000000000000e+02 8.163155499999999295e-14
6.874399999999999409e+02 6.128245749600000300e-14
6.876299999999999955e+02 7.373456490000000030e-14
6.878199999999999363e+02 7.460370847999999390e-14
6.880099999999999909e+02 8.761256941999999978e-14
6.882000000000000455e+02 8.149251479999999063e-14
6.883899999999999864e+02 6.573924866900000570e-14
6.885800000000000409e+02 5.606445903199999911e-14
6.887699999999999818e+02 6.443767071899999336e-14
6.889600000000000364e+02 8.058076160000001026e-14
6.891499999999999773e+02 8.371036134999999710e-14
6.893399999999999181e+02 8.000824709999999499e-14
6.895299999999999727e+02 8.166379601999999740e-14
6.897200000000000273e+02 8.083449427999999980e-14
6.899100000000000819e+02 8.037175536000000188e-14
6.901000000000000227e+02 6.296341280999999998e-14
6.902899999999999636e+02 7.694110397999999202e-14
6.904800000000000182e+02 7.940865240000000220e-14
6.906699999999999591e+02 8.598081762999999641e-14
6.908600000000000136e+02 9.122529956000000038e-14
6.910499999999999545e+02 7.570314540000000350e-14
6.912400000000000091e+02 8.827342171999999510e-14
6.914300000000000637e+02 8.270609088000000503e-14
6.916200000000000045e+02 1.380196872000000074e-13
6.918100000000000591e+02 9.782677667000001208e-14
6.920000000000000000e+02 9.707583600000000635e-14
6.921899999999999409e+02 8.318670200999998958e-14
6.923799999999999955e+02 9.416091047999999981e-14
6.925699999999999363e+02 9.656295738999999371e-14
6.927599999999999909e+02 9.867327060000000829e-14
6.929500000000000455e+02 1.093385016500000073e-13
6.931399999999999864e+02 9.788731021999999509e-14
6.933300000000000409e+02 9.610108463999999603e-14
6.935199999999999818e+02 9.941678551999999254e-14
6.937100000000000364e+02 1.035271992700000089e-13
6.938999999999999773e+02 1.133374625999999959e-13
6.940899999999999181e+02 1.044515218299999856e-13
6.942799999999999727e+02 1.148679317200000069e-13
6.944700000000000273e+02 1.362189015600000013e-13
6.946600000000000819e+02 1.326321284599999974e-13
6.948500000000000227e+02 1.207628454500000048e-13
6.950399999999999636e+02 1.296750028799999998e-13
6.952300000000000182e+02 1.301449703100000105e-13
6.954199999999999591e+02 1.298467361399999946e-13
6.956100000000000136e+02 1.339515308699999971e-13
6.957999999999999545e+02 1.234669268000000136e-13
6.959900000000000091e+02 1.274100173699999984e-13
6.961800000000000637e+02 1.241365519800000198e-13
6.963700000000000045e+02 1.182624279900000054e-13
6.965600000000000591e+02 1.300756144000000192e-13
6.967500000000000000e+02 1.324319692500000070e-13
6.969399999999999409e+02 1.423674184999999852e-13
6.971299999999999955e+02 1.412176240999999986e-13
6.973199999999999363e+02 1.378252979999999801e-13
6.975099999999999909e+02 1.315685212600000183e-13
6.977000000000000455e+02 1.436473598999999977e-13
6.978899999999999864e+02 1.384599802200000044e-13
6.980800000000000409e+02 1.322575387199999977e-13
6.982699999999999818e+02 1.408592140200000046e-13
6.984600000000000364e+02 1.358330085000000109e-13
6.986499999999999773e+02 1.402113698499999881e-13
6.988399999999999181e+02 1.368007253599999908e-13
6.990299999999999727e+02 1.440162576900000108e-13
6.992200000000000273e+02 1.425234110399999994e-13
6.994100000000000819e+02 1.527770221700000045e-13
6.996000000000000227e+02 1.512647135999999881e-13
6.997899999999999636e+02 1.383806733399999951e-13
6.999800000000000182e+02 1.414869573999999845e-13
7.001699999999999591e+02 1.465462811700000031e-13
7.003600000000000136e+02 1.495541740399999908e-13
7.005499999999999545e+02 1.597632297000000140e-13
7.007400000000000091e+02 1.461169033199999957e-13
7.009300000000000637e+02 1.446537278200000207e-13
7.011200000000000045e+02 1.587419814399999847e-13
7.013100000000000591e+02 1.808278743299999941e-13
7.015000000000000000e+02 1.568210264999999960e-13
7.016899999999999409e+02 1.429791611599999808e-13
7.018799999999999955e+02 1.515274694400000129e-13
7.020699999999999363e+02 1.699198958900000141e-13
7.022599999999999909e+02 1.441142859000000053e-13
7.024500000000000455e+02 1.539482395499999932e-13
7.026399999999999864e+02 1.614729957599999959e-13
7.028300000000000409e+02 1.772895703300000138e-13
7.030199999999999818e+02 1.874096655599999970e-13
7.032100000000000364e+02 2.092598253799999868e-13
7.033999999999999773e+02 1.935967820000000144e-13
7.035899999999999181e+02 2.071214170199999802e-13
7.037799999999999727e+02 1.962279395999999927e-13
7.039700000000000273e+02 2.046954688100000139e-13
7.041600000000000819e+02 2.164806129599999931e-13
7.043500000000000227e+02 2.141639566500000176e-13
7.045399999999999636e+02 2.127746026999999809e-13
7.047300000000000182e+02 2.173556455199999835e-13
7.049199999999999591e+02 2.204933366400000077e-13
7.051100000000000136e+02 1.899298398199999987e-13
7.052999999999999545e+02 1.486708922999999931e-13
7.054900000000000091e+02 1.220278998099999964e-13
7.056800000000000637e+02 1.179946357599999960e-13
7.058700000000000045e+02 1.189913293800000159e-13
7.060600000000000591e+02 6.317111759400001044e-14
7.062500000000000000e+02 -2.440065500000000088e-14
7.064399999999999409e+02 1.109294474399999957e-14
7.066299999999999955e+02 1.061973028100000025e-13
7.068199999999999363e+02 1.026698459199999957e-13
7.070099999999999909e+02 1.102631585700000184e-13
7.072000000000000455e+02 1.286425087999999978e-13
7.073899999999999864e+02 1.384164160799999812e-13
7.075800000000000409e+02 1.236984280200000077e-13
7.077699999999999818e+02 1.290561973400000137e-13
7.079600000000000364e+02 1.351446082800000023e-13
7.081499999999999773e+02 1.466245819500000074e-13
7.083399999999999181e+02 1.336290493400000048e-13
7.085299999999999727e+02 1.075435175199999995e-13
7.087200000000000273e+02 9.424771175999999775e-14
7.089100000000000819e+02 8.930210161000001325e-14
7.091000000000000227e+02 9.002946330000000116e-14
7.092899999999999636e+02 6.537788367299999916e-14
7.094800000000000182e+02 7.333185279999999615e-14
7.096699999999999591e+02 8.566923339000000326e-14
7.098600000000000136e+02 8.744197452000000827e-14
7.100499999999999545e+02 8.246094670000000591e-14
7.102400000000000091e+02 8.257960479999999544e-14
7.104300000000000637e+02 8.801730399000000110e-14
7.106200000000000045e+02 1.076582193799999945e-13
7.108100000000000591e+02 1.156210654100000122e-13
7.110000000000000000e+02 1.208188079999999967e-13
7.111899999999999409e+02 9.622471818999999066e-14
7.113799999999999955e+02 1.114099331800000044e-13
7.115699999999999363e+02 1.040827670399999908e-13
7.117599999999999909e+02 1.205443853600000150e-13
7.119500000000000455e+02 1.149094419500000007e-13
7.121399999999999864e+02 1.066600563599999804e-13
7.123300000000000409e+02 9.529052109000000900e-14
7.125199999999999818e+02 7.077902922400000167e-14
7.127100000000000364e+02 8.316185364000000940e-14
7.128999999999999773e+02 6.284056661999998982e-14
7.130899999999999181e+02 6.740262167099999637e-14
7.132799999999999727e+02 6.318455356800000501e-14
7.134700000000000273e+02 7.577693523000000428e-14
7.136600000000000819e+02 7.265201532000000791e-14
7.138500000000000227e+02 7.218593969999998910e-14
7.140399999999999636e+02 5.994365800000000537e-14
7.142300000000000182e+02 6.586000537600000062e-14
7.144199999999999591e+02 7.742669634000000271e-14
7.146100000000000136e+02 7.776028715000000174e-14
7.147999999999999545e+02 6.806740183999999496e-14
7.149900000000000091e+02 8.156748918000000060e-14
7.151800000000000637e+02 8.679138408000000501e-14
7.153700000000000045e+02 7.531844581999999384e-14
7.155600000000000591e+02 9.680167235999999704e-14
7.157500000000000000e+02 8.686628299999999386e-14
7.159399999999999409e+02 8.296742284000000216e-14
7.161299999999999955e+02 8.863182945000000048e-14
7.163199999999999363e+02 8.270845615999999570e-14
7.165099999999999909e+02 8.741995208000000367e-14
7.167000000000000455e+02 9.018164429999999787e-14
7.168899999999999864e+02 9.022204027999999822e-14
7.170800000000000409e+02 8.821876700000000285e-14
7.172699999999999818e+02 9.393870009000000055e-14
7.174600000000000364e+02 9.078308363999999933e-14
7.176499999999999773e+02 8.789418375000000398e-14
7.178399999999999181e+02 9.313040808000000529e-14
7.180299999999999727e+02 8.637613687999999525e-14
7.182200000000000273e+02 1.002024632999999872e-13
7.184100000000000819e+02 1.086128158499999937e-13
7.186000000000000227e+02 9.907984940000000100e-14
7.187899999999999636e+02 1.001835126199999975e-13
7.189800000000000182e+02 1.049976822599999920e-13
7.191699999999999591e+02 1.223660563299999954e-13
7.193600000000000136e+02 1.142027161599999988e-13
7.195499999999999545e+02 1.048168484999999979e-13
7.197400000000000091e+02 9.718361323999999536e-14
7.199300000000000637e+02 9.246780919999999941e-14
7.201200000000000045e+02 8.816789219999999900e-14
7.203100000000000591e+02 9.658996945000000559e-14
7.205000000000000000e+02 9.462542649999999648e-14
7.206899999999999409e+02 1.007704792499999967e-13
7.208799999999999955e+02 1.056528936800000058e-13
7.210699999999999363e+02 9.803235077999999626e-14
7.212599999999999909e+02 1.099986413400000062e-13
7.214500000000000455e+02 1.173409566999999903e-13
7.216399999999999864e+02 1.212896430000000011e-13
7.218300000000000409e+02 1.210833733500000064e-13
7.220199999999999818e+02 1.175701267000000161e-13
7.222100000000000364e+02 1.108888456100000056e-13
7.223999999999999773e+02 1.245367032000000053e-13
7.225899999999999181e+02 1.295199219599999951e-13
7.227799999999999727e+02 1.222734153800000186e-13
7.229700000000000273e+02 1.218537016200000052e-13
7.231600000000000819e+02 1.239763809199999943e-13
7.233500000000000227e+02 1.277305896999999937e-13
7.235399999999999636e+02 1.260225795000000080e-13
7.237300000000000182e+02 1.361973012400000027e-13
7.239199999999999591e+02 1.199825008000000139e-13
7.241100000000000136e+02 1.280595776100000168e-13
7.242999999999999545e+02 1.366725127999999891e-13
7.244900000000000091e+02 1.297489140999999803e-13
7.246800000000000637e+02 1.486130263200000078e-13
7.248700000000000045e+02 1.371468537399999776e-13
7.250600000000000591e+02 1.468681536000000136e-13
7.252500000000000000e+02 1.563798555000000025e-13
7.254399999999999409e+02 1.534291091199999923e-13
7.256299999999999955e+02 1.525883789200000170e-13
7.258199999999999363e+02 1.552391074200000153e-13
7.260099999999999909e+02 1.620381719000000134e-13
7.262000000000000455e+02 1.741253312000000188e-13
7.263899999999999864e+02 1.682849504699999909e-13
7.265800000000000409e+02 1.731970543400000063e-13
7.267699999999999818e+02 1.739487656499999742e-13
7.269600000000000364e+02 1.643038644000000153e-13
7.271499999999999773e+02 1.719593406000000052e-13
7.273399999999999181e+02 1.587725032800000052e-13
7.275299999999999727e+02 1.503666279299999878e-13
7.277200000000000273e+02 1.757982312799999960e-13
7.279100000000000819e+02 1.503461709500000011e-13
7.281000000000000227e+02 1.454911262999999963e-13
7.282899999999999636e+02 1.780450562999999806e-13
7.284800000000000182e+02 1.856349160000000112e-13
7.286699999999999591e+02 1.893602015699999878e-13
7.288600000000000136e+02 1.874132295200000180e-13
7.290499999999999545e+02 1.798741322000000019e-13
7.292400000000000091e+02 1.978333318799999756e-13
7.294300000000000637e+02 2.056664356499999925e-13
7.296200000000000045e+02 1.958664889999999719e-13
7.298100000000000591e+02 2.064048641999999853e-13
7.300000000000000000e+02 2.154996499999999904e-13
7.301899999999999409e+02 2.143757519099999814e-13
7.303799999999999955e+02 2.193557557800000151e-13
7.305699999999999363e+02 2.216856219399999773e-13
7.307599999999999909e+02 2.132964210800000043e-13
7.309500000000000455e+02 2.045161552499999797e-13
7.311399999999999864e+02 2.054803167399999892e-13
7.313300000000000409e+02 2.203906834799999923e-13
7.315199999999999818e+02 2.291003596799999890e-13
7.317100000000000364e+02 2.046431893800000279e-13
7.318999999999999773e+02 2.105412815999999758e-13
7.320899999999999181e+02 2.204857415699999978e-13
7.322799999999999727e+02 3.516591630000000439e-13
7.324700000000000273e+02 2.925023723900000257e-13
7.326600000000000819e+02 2.369737483800000341e-13
7.328500000000000227e+02 2.391157636999999845e-13
7.330399999999999636e+02 2.399797030399999558e-13
7.332300000000000182e+02 2.165660795700000026e-13
7.334199999999999591e+02 2.431954712200000056e-13
7.336100000000000136e+02 2.674661362900000203e-13
7.337999999999999545e+02 2.617391219999999975e-13
7.339900000000000091e+02 2.442924237199999987e-13
7.341800000000000637e+02 2.372855076399999989e-13
7.343700000000000045e+02 2.419690400400000180e-13
7.345600000000000591e+02 2.512562480000000007e-13
7.347500000000000000e+02 2.434417785000000257e-13
7.349399999999999409e+02 2.722967398800000111e-13
7.351299999999999955e+02 2.705917963099999860e-13
7.353199999999999363e+02 2.733206499599999934e-13
7.355099999999999909e+02 2.603190543000000174e-13
7.357000000000000455e+02 2.607114804000000307e-13
7.358899999999999864e+02 2.724389881299999896e-13
7.360800000000000409e+02 2.519719612799999859e-13
7.362699999999999818e+02 2.730015532999999802e-13
7.364600000000000364e+02 2.784525801600000302e-13
7.366499999999999773e+02 2.669958459000000299e-13
7.368399999999999181e+02 2.752377399199999869e-13
7.370299999999999727e+02 2.766272588099999844e-13
7.372200000000000273e+02 2.587723294199999670e-13
7.374100000000000819e+02 2.907290543699999936e-13
7.376000000000000227e+02 2.788452544000000146e-13
7.377899999999999636e+02 2.783969408099999801e-13
7.379800000000000182e+02 2.960583885200000088e-13
7.381699999999999591e+02 2.891293782800000308e-13
7.383600000000000136e+02 2.866918975199999872e-13
7.385499999999999545e+02 2.905352302999999955e-13
7.387400000000000091e+02 2.958801447999999966e-13
7.389300000000000637e+02 2.871954895199999947e-13
7.391200000000000045e+02 2.793053176799999957e-13
7.393100000000000591e+02 2.729887388800000564e-13
7.395000000000000000e+02 2.793017550000000249e-13
7.396899999999999409e+02 2.945549136599999940e-13
7.398799999999999955e+02 2.951928831199999755e-13
7.400699999999999363e+02 2.791359022499999953e-13
7.402599999999999909e+02 2.728072775400000081e-13
7.404500000000000455e+02 2.906214418500000128e-13
7.406399999999999864e+02 2.889866183999999914e-13
7.408300000000000409e+02 2.981870383200000053e-13
7.410199999999999818e+02 3.034158261400000312e-13
7.412100000000000364e+02 3.209513421000000310e-13
7.413999999999999773e+02 3.129375260000000313e-13
7.415899999999999181e+02 3.079927092599999655e-13
7.417799999999999727e+02 2.937344950800000189e-13
7.419700000000000273e+02 2.724847726499999696e-13
7.421600000000000819e+02 2.925171688800000171e-13
7.423500000000000227e+02 3.174785974500000061e-13
7.425399999999999636e+02 3.052077012800000039e-13
7.427300000000000182e+02 3.145543250300000195e-13
7.429199999999999591e+02 2.856668554800000004e-13
7.431100000000000136e+02 2.827221443800000270e-13
7.432999999999999545e+02 2.964466225000000132e-13
7.434900000000000091e+02 3.053119380299999693e-13
7.436800000000000637e+02 3.155746585600000067e-13
7.438700000000000045e+02 3.267337394499999875e-13
7.440600000000000591e+02 3.051449584800000038e-13
7.442500000000000000e+02 3.101654432499999909e-13
7.444399999999999409e+02 3.032811338000000129e-13
7.446299999999999955e+02 3.049795983600000322e-13
7.448199999999999363e+02 3.204074124199999779e-13
7.450099999999999909e+02 3.126739919100000410e-13
7.452000000000000455e+02 3.092811012000000121e-13
7.453899999999999864e+02 3.090170776899999931e-13
7.455800000000000409e+02 3.139145297200000211e-13
7.457699999999999818e+02 3.341780454600000037e-13
7.459600000000000364e+02 3.355604085200000069e-13
7.461499999999999773e+02 3.187075264000000032e-13
7.463399999999999181e+02 3.040716037799999715e-13
7.465299999999999727e+02 3.053121067500000273e-13
7.467200000000000273e+02 3.274755494399999774e-13
7.469100000000000819e+02 3.168877711500000250e-13
7.471000000000000227e+02 2.902393848000000181e-13
7.472899999999999636e+02 2.908534881899999593e-13
7.474800000000000182e+02 3.048791524799999854e-13
7.476699999999999591e+02 3.220857686199999888e-13
7.478600000000000136e+02 3.256391840800000473e-13
7.480499999999999545e+02 3.403208592000000047e-13
7.482400000000000091e+02 3.222707091999999597e-13
7.484300000000000637e+02 3.181905239200000246e-13
7.486200000000000045e+02 3.215090827799999767e-13
7.488100000000000591e+02 3.209227433700000508e-13
7.490000000000000000e+02 3.058129550000000160e-13
7.491899999999999409e+02 3.137869936500000033e-13
7.493799999999999955e+02 3.171923207400000177e-13
7.495699999999999363e+02 3.202500346499999844e-13
7.497599999999999909e+02 3.381050217600000483e-13
7.499500000000000455e+02 3.561940021499999890e-13
7.501399999999999864e+02 3.402244967199999738e-13
7.503300000000000409e+02 3.366385558200000157e-13
7.505199999999999818e+02 3.382721228399999841e-13
7.507100000000000364e+02 3.515777621700000440e-13
7.508999999999999773e+02 3.351754784999999946e-13
7.510899999999999181e+02 3.253060920800000136e-13
7.512799999999999727e+02 3.511054490400000043e-13
7.514700000000000273e+02 3.470017930799999720e-13
7.516600000000000819e+02 3.483583303200000274e-13
7.518500000000000227e+02 3.521530066999999732e-13
7.520399999999999636e+02 3.382457828399999554e-13
7.522300000000000182e+02 3.480101827399999750e-13
7.524199999999999591e+02 3.395934806999999772e-13
7.526100000000000136e+02 3.404958162000000029e-13
7.527999999999999545e+02 3.527455183999999854e-13
7.529900000000000091e+02 3.668401622199999916e-13
7.531800000000000637e+02 3.506286385800000187e-13
7.533700000000000045e+02 3.558279515499999886e-13
7.535600000000000591e+02 3.613403091600000170e-13
7.537500000000000000e+02 3.553147349999999643e-13
7.539399999999999409e+02 3.762869303599999583e-13
7.541299999999999955e+02 3.965456861600000184e-13
7.543199999999999363e+02 3.623496811199999977e-13
7.545099999999999909e+02 3.575253180100000194e-13
7.547000000000000455e+02 3.742300702000000056e-13
7.548899999999999864e+02 3.787373716799999529e-13
7.550800000000000409e+02 3.672180564000000085e-13
7.552699999999999818e+02 3.729696972099999710e-13
7.554600000000000364e+02 3.802940312400000133e-13
7.556499999999999773e+02 3.668484280999999991e-13
7.558399999999999181e+02 3.675030131199999616e-13
7.560299999999999727e+02 3.533918589299999886e-13
7.562200000000000273e+02 3.557886542599999656e-13
7.564100000000000819e+02 3.704192718700000452e-13
7.566000000000000227e+02 3.590619317999999733e-13
7.567899999999999636e+02 3.553060938899999596e-13
7.569800000000000182e+02 3.826647446999999892e-13
7.571699999999999591e+02 3.773909429099999661e-13
7.573600000000000136e+02 3.629110074400000236e-13
7.575499999999999545e+02 3.780106320500000076e-13
7.577400000000000091e+02 3.843431560199999775e-13
7.579300000000000637e+02 4.009154107299999951e-13
7.581200000000000045e+02 4.010841441200000109e-13
7.583100000000000591e+02 3.915609515999999924e-13
7.585000000000000000e+02 3.582676144999999691e-13
7.586899999999999409e+02 3.161233622999999986e-13
7.588799999999999955e+02 2.608225027199999971e-13
7.590699999999999363e+02 2.515041812399999994e-13
7.592599999999999909e+02 2.233439215999999862e-13
7.594500000000000455e+02 1.784282207999999952e-13
7.596399999999999864e+02 1.537982336799999883e-13
7.598300000000000409e+02 1.422363768500000022e-13
7.600199999999999818e+02 1.099323328800000138e-13
7.602100000000000364e+02 1.115372509900000015e-13
7.603999999999999773e+02 1.237938803999999911e-13
7.605899999999999181e+02 1.172320184699999942e-13
7.607799999999999727e+02 1.338265274600000124e-13
7.609700000000000273e+02 1.652347428899999775e-13
7.611600000000000819e+02 1.823625186000000122e-13
7.613500000000000227e+02 2.286204620500000180e-13
7.615399999999999636e+02 2.786261628799999792e-13
7.617300000000000182e+02 2.976124813800000359e-13
7.619199999999999591e+02 2.833831913599999809e-13
7.621100000000000136e+02 2.477223312800000510e-13
7.622999999999999545e+02 2.074546088999999896e-13
7.624900000000000091e+02 1.812499729199999962e-13
7.626800000000000637e+02 1.603671982400000018e-13
7.628700000000000045e+02 1.534909697399999778e-13
7.630600000000000591e+02 1.656587998800000310e-13
7.632500000000000000e+02 1.673211914999999910e-13
7.634399999999999409e+02 1.817590317600000102e-13
7.636299999999999955e+02 1.019804956100000020e-13
7.638199999999999363e+02 5.823317850799999663e-14
7.640099999999999909e+02 1.966531179600000131e-13
7.642000000000000455e+02 1.930858288000000070e-13
7.643899999999999864e+02 2.073568396900000052e-13
7.645800000000000409e+02 2.064159563399999983e-13
7.647699999999999818e+02 2.096953453800000070e-13
7.649600000000000364e+02 2.241906520000000360e-13
7.651499999999999773e+02 2.132021611499999940e-13
7.653399999999999181e+02 2.259643389800000017e-13
7.655299999999999727e+02 2.379619383799999978e-13
7.657200000000000273e+02 2.276539160399999897e-13
7.659100000000000819e+02 2.042513469799999947e-13
7.661000000000000227e+02 1.543047976000000035e-13
7.662899999999999636e+02 1.059748418400000010e-13
7.664800000000000182e+02 1.259479935999999912e-13
7.666699999999999591e+02 1.586707898699999800e-13
7.668600000000000136e+02 1.617936565200000021e-13
7.670499999999999545e+02 1.738204334499999878e-13
7.672400000000000091e+02 1.935769537199999935e-13
7.674300000000000637e+02 2.089397243699999888e-13
7.676200000000000045e+02 2.060230670399999927e-13
7.678100000000000591e+02 2.009704284500000106e-13
7.680000000000000000e+02 2.147320320000000228e-13
7.681899999999999409e+02 2.135698792299999781e-13
7.683799999999999955e+02 2.256816581800000302e-13
7.685699999999999363e+02 2.413732513499999758e-13
7.687599999999999909e+02 2.355980333999999825e-13
7.689500000000000455e+02 2.256230021500000247e-13
7.691399999999999864e+02 2.327325343199999692e-13
7.693300000000000409e+02 1.973823821199999819e-13
7.695199999999999818e+02 1.654891236000000034e-13
7.697100000000000364e+02 1.371215273700000078e-13
7.698999999999999773e+02 1.539145585000000067e-13
7.700899999999999181e+02 1.896824080799999886e-13
7.702799999999999727e+02 1.978664452800000029e-13
7.704700000000000273e+02 2.037870035899999749e-13
7.706600000000000819e+02 2.105312107800000251e-13
7.708500000000000227e+02 2.138823535500000004e-13
7.710399999999999636e+02 1.994140751999999787e-13
7.712300000000000182e+02 1.860839168600000055e-13
7.714199999999999591e+02 2.455082720999999858e-13
7.716100000000000136e+02 2.518743374700000069e-13
7.717999999999999545e+02 2.378649009999999779e-13
7.719900000000000091e+02 2.122926180599999959e-13
7.721800000000000637e+02 2.526750561399999867e-13
7.723700000000000045e+02 2.569033922900000020e-13
7.725600000000000591e+02 2.588732675999999914e-13
7.727500000000000000e+02 2.592213057499999925e-13
7.729399999999999409e+02 2.851360201199999754e-13
7.731299999999999955e+02 2.777446331100000052e-13
7.733199999999999363e+02 2.576377445600000156e-13
7.735099999999999909e+02 2.692093263600000225e-13
7.737000000000000455e+02 2.907440807999999783e-13
7.738899999999999864e+02 2.811503675500000173e-13
7.740800000000000409e+02 2.552582985600000184e-13
7.742699999999999818e+02 2.307727220400000061e-13
7.744600000000000364e+02 2.380558381799999862e-13
7.746499999999999773e+02 2.128172705500000029e-13
7.748399999999999181e+02 2.065645955999999984e-13
7.750299999999999727e+02 2.221615744699999864e-13
7.752200000000000273e+02 2.350955428599999881e-13
7.754100000000000819e+02 2.244021031800000239e-13
7.756000000000000227e+02 2.077072311999999992e-13
7.757899999999999636e+02 2.219628284799999657e-13
7.759800000000000182e+02 2.429818414199999777e-13
7.761699999999999591e+02 2.573709864699999998e-13
7.763600000000000136e+02 2.283725048799999810e-13
7.765499999999999545e+02 2.391890482499999753e-13
7.767400000000000091e+02 2.762071905199999481e-13
7.769300000000000637e+02 2.704135942200000057e-13
7.771200000000000045e+02 2.749248508799999888e-13
7.773100000000000591e+02 2.830916381399999944e-13
7.775000000000000000e+02 2.753586225000000429e-13
7.776899999999999409e+02 2.870920404000000153e-13
7.778799999999999955e+02 2.672787901199999824e-13
7.780699999999999363e+02 2.563974070999999884e-13
7.782599999999999909e+02 2.366229486600000142e-13
7.784500000000000455e+02 2.416324369000000138e-13
7.786399999999999864e+02 2.533850287999999799e-13
7.788300000000000409e+02 2.648831983200000207e-13
7.790199999999999818e+02 2.525871077399999555e-13
7.792100000000000364e+02 2.628166240600000151e-13
7.793999999999999773e+02 2.461212701999999951e-13
7.795899999999999181e+02 2.539179201299999993e-13
7.797799999999999727e+02 2.287944700200000024e-13
7.799700000000000273e+02 2.531244440699999760e-13
7.801600000000000819e+02 2.697902502400000100e-13
7.803500000000000227e+02 2.771654933500000058e-13
7.805399999999999636e+02 2.819856857999999808e-13
7.807300000000000182e+02 3.031730736000000117e-13
7.809199999999999591e+02 3.107514955999999591e-13
7.811100000000000136e+02 3.039166221299999820e-13
7.812999999999999545e+02 2.903818644999999723e-13
7.814900000000000091e+02 2.739880495300000169e-13
7.816800000000000637e+02 3.006653951999999912e-13
7.818700000000000045e+02 3.097534379000000207e-13
7.820600000000000591e+02 2.740916964400000001e-13
7.822500000000000000e+02 2.686762785000000329e-13
7.824399999999999409e+02 2.675483160400000000e-13
7.826299999999999955e+02 2.456926011600000163e-13
7.828199999999999363e+02 2.534379750000000210e-13
7.830099999999999909e+02 2.652164491400000225e-13
7.832000000000000455e+02 2.562215303999999948e-13
7.833899999999999864e+02 2.803251440399999623e-13
7.835800000000000409e+02 2.888126999799999924e-13
7.837699999999999818e+02 2.718090846900000168e-13
7.839600000000000364e+02 2.668333293600000291e-13
7.841499999999999773e+02 2.746085458499999794e-13
7.843399999999999181e+02 3.016814785399999848e-13
7.845299999999999727e+02 2.925465298200000226e-13
7.847200000000000273e+02 2.833686697600000206e-13
7.849100000000000819e+02 2.764398076300000175e-13
7.851000000000000227e+02 2.912579681999999686e-13
7.852899999999999636e+02 3.034454794799999462e-13
7.854800000000000182e+02 3.038048124800000201e-13
7.856699999999999591e+02 3.077359396200000305e-13
7.858600000000000136e+02 3.218159568800000448e-13
7.860499999999999545e+02 2.675046057500000205e-13
7.862400000000000091e+02 2.652750172799999949e-13
7.864300000000000637e+02 2.865483533800000164e-13
7.866200000000000045e+02 3.184867056000000267e-13
7.868100000000000591e+02 2.874602466899999858e-13
7.870000000000000000e+02 2.778959959999999962e-13
7.871899999999999409e+02 3.065215525299999870e-13
7.873799999999999955e+02 3.262138961400000014e-13
7.875699999999999363e+02 3.129133745500000204e-13
7.877599999999999909e+02 3.176894283200000094e-13
7.879500000000000455e+02 3.219020014499999691e-13
7.881399999999999864e+02 3.196380583999999600e-13
7.883300000000000409e+02 3.275613632899999938e-13
7.885199999999999818e+02 3.458984913600000145e-13
7.887100000000000364e+02 3.484047554000000057e-13
7.888999999999999773e+02 3.277303602999999842e-13
7.890899999999999181e+02 3.213805752000000124e-13
7.892799999999999727e+02 3.261107639999999996e-13
7.894700000000000273e+02 3.407597255699999888e-13
7.896600000000000819e+02 3.455717988600000057e-13
7.898500000000000227e+02 3.121755748999999616e-13
7.900399999999999636e+02 3.292523301599999824e-13
7.902300000000000182e+02 3.267213837299999970e-13
7.904199999999999591e+02 3.240050142999999917e-13
7.906100000000000136e+02 3.043785251200000248e-13
7.907999999999999545e+02 3.082641203999999939e-13
7.909900000000000091e+02 3.279571098400000009e-13
7.911800000000000637e+02 2.839932698200000300e-13
7.913700000000000045e+02 3.070444376699999635e-13
7.915600000000000591e+02 3.170838963600000222e-13
7.917500000000000000e+02 2.898739265000000026e-13
7.919399999999999409e+02 2.932339996200000124e-13
7.921299999999999955e+02 3.240849390299999829e-13
7.923199999999999363e+02 2.913653798399999730e-13
7.925099999999999909e+02 3.206360733300000338e-13
7.927000000000000455e+02 3.139631036000000164e-13
7.928899999999999864e+02 3.316333785099999704e-13
7.930800000000000409e+02 3.608529861600000023e-13
7.932699999999999818e+02 3.310982056800000053e-13
7.934600000000000364e+02 3.279370179999999832e-13
7.936499999999999773e+02 3.514202835000000213e-13
7.938399999999999181e+02 3.565802265599999908e-13
7.940299999999999727e+02 3.693303500200000120e-13
7.942200000000000273e+02 3.611032420799999930e-13
7.944100000000000819e+02 3.034956019900000114e-13
7.946000000000000227e+02 3.184001930000000209e-13
7.947899999999999636e+02 3.472580572199999443e-13
7.949800000000000182e+02 3.678849448000000373e-13
7.951699999999999591e+02 3.604267058999999879e-13
7.953600000000000136e+02 3.652277212800000061e-13
7.955499999999999545e+02 3.651311968500000154e-13
7.957400000000000091e+02 3.491571844199999975e-13
7.959300000000000637e+02 3.523016999700000062e-13
7.961200000000000045e+02 3.642034047599999771e-13
7.963100000000000591e+02 3.585473369100000488e-13
7.965000000000000000e+02 3.655480995000000221e-13
7.966899999999999409e+02 3.713706699799999955e-13
7.968799999999999955e+02 3.581919818399999956e-13
7.970699999999999363e+02 3.667526308200000052e-13
7.972599999999999909e+02 3.684568980399999863e-13
7.974500000000000455e+02 3.630438972000000036e-13
7.976399999999999864e+02 3.609488504399999904e-13
7.978300000000000409e+02 3.753311451999999853e-13
7.980199999999999818e+02 3.819243917999999753e-13
7.982100000000000364e+02 3.640963076100000092e-13
7.983999999999999773e+02 3.566452799999999915e-13
7.985899999999999181e+02 3.795810072599999573e-13
7.987799999999999727e+02 3.928567783800000446e-13
7.989700000000000273e+02 3.876658367900000158e-13
7.991600000000000819e+02 3.649667820799999825e-13
7.993500000000000227e+02 3.732021266999999763e-13
7.995399999999999636e+02 3.863761059200000099e-13
7.997300000000000182e+02 3.804027707200000563e-13
7.999199999999999591e+02 3.730570905599999964e-13
8.001100000000000136e+02 3.933308755600000139e-13
8.002999999999999545e+02 4.054223764000000171e-13
8.004900000000000091e+02 4.030315056899999485e-13
8.006800000000000637e+02 4.139859892400000579e-13
8.008700000000000045e+02 3.920234623899999825e-13
8.010600000000000591e+02 4.009353363600000064e-13
8.012500000000000000e+02 3.972805825000000429e-13
8.014399999999999409e+02 4.217786374399999890e-13
8.016299999999999955e+02 4.273160861700000058e-13
8.018199999999999363e+02 3.889652874599999947e-13
8.020099999999999909e+02 4.026771908499999935e-13
8.022000000000000455e+02 4.114531932000000221e-13
8.023899999999999864e+02 4.104690236199999625e-13
8.025800000000000409e+02 4.051873284800000146e-13
8.027699999999999818e+02 4.275039247200000088e-13
8.029600000000000364e+02 4.402091696800000352e-13
8.031499999999999773e+02 4.398418848999999825e-13
8.033399999999999181e+02 4.345081291800000203e-13
8.035299999999999727e+02 4.238588608800000141e-13
8.037200000000000273e+02 4.126828935199999860e-13
8.039100000000000819e+02 4.185018795300000036e-13
8.041000000000000227e+02 4.346739452000000139e-13
8.042899999999999636e+02 4.524018649399999283e-13
8.044800000000000182e+02 4.531651929599999836e-13
8.046699999999999591e+02 4.411587181599999762e-13
8.048600000000000136e+02 4.629522525599999467e-13
8.050499999999999545e+02 4.943683242000000105e-13
8.052400000000000091e+02 4.769541201199999737e-13
8.054300000000000637e+02 4.493638947399999805e-13
8.056200000000000045e+02 4.708293022200000143e-13
8.058100000000000591e+02 4.587677782499999989e-13
8.060000000000000000e+02 4.602896739999999962e-13
8.061899999999999409e+02 4.558617478800000458e-13
8.063799999999999955e+02 4.641878087199999923e-13
8.065699999999999363e+02 4.638132390799999606e-13
8.067599999999999909e+02 4.779496335599999946e-13
8.069500000000000455e+02 4.620692534000000338e-13
8.071399999999999864e+02 4.633855311199999160e-13
8.073300000000000409e+02 4.873391031900000269e-13
8.075199999999999818e+02 4.922512716800000212e-13
8.077100000000000364e+02 4.959484787800000722e-13
8.078999999999999773e+02 4.898620860000000357e-13
8.080899999999999181e+02 4.940848120699999756e-13
8.082799999999999727e+02 4.839002621200000101e-13
8.084700000000000273e+02 4.835709695700000166e-13
8.086600000000000819e+02 4.623586329400000457e-13
8.088500000000000227e+02 4.738510220500000243e-13
8.090399999999999636e+02 4.813132677599999755e-13
8.092300000000000182e+02 5.164837644299999665e-13
8.094199999999999591e+02 5.009718923399999817e-13
8.096100000000000136e+02 4.994921279399999673e-13
8.097999999999999545e+02 5.150214628000000882e-13
8.099900000000000091e+02 4.922050033199999769e-13
8.101800000000000637e+02 4.779794640599999724e-13
8.103700000000000045e+02 4.914456450199999200e-13
8.105600000000000591e+02 5.053687593600000682e-13
8.107500000000000000e+02 5.192124075000000024e-13
8.109399999999999409e+02 5.283371412800000335e-13
8.111299999999999955e+02 5.010536569899999572e-13
8.113199999999999363e+02 4.846687755599999554e-13
8.115099999999999909e+02 4.953635572199999841e-13
8.117000000000000455e+02 5.190724095999999989e-13
8.118899999999999864e+02 5.116936724999999932e-13
8.120800000000000409e+02 5.317962725600000434e-13
8.122699999999999818e+02 5.456878596199999987e-13
8.124600000000000364e+02 5.230893716400000140e-13
8.126499999999999773e+02 5.295284285500000550e-13
8.128399999999999181e+02 5.119859693199999595e-13
8.130299999999999727e+02 5.062941067500000892e-13
8.132200000000000273e+02 5.172477677800000375e-13
8.134100000000000819e+02 5.279592152899999860e-13
8.136000000000000227e+02 5.385722832000000396e-13
8.137899999999999636e+02 5.287030872000000338e-13
8.139800000000000182e+02 4.827951434200000169e-13
8.141699999999999591e+02 4.981564278600000163e-13
8.143600000000000136e+02 5.016824062000000163e-13
8.145499999999999545e+02 4.967296955500000133e-13
8.147400000000000091e+02 5.167822493399999720e-13
8.149300000000000637e+02 4.975049858399999738e-13
8.151200000000000045e+02 5.053377196000000148e-13
8.153100000000000591e+02 5.167100502900000666e-13
8.155000000000000000e+02 4.879405614999999919e-13
8.156899999999999409e+02 4.724207302300000106e-13
8.158799999999999955e+02 4.713803811599999572e-13
8.160699999999999363e+02 4.769366061700000077e-13
8.162599999999999909e+02 4.897527349600000335e-13
8.164500000000000455e+02 4.992110044499999820e-13
8.166399999999999864e+02 5.175488665599999526e-13
8.168300000000000409e+02 5.251653287300000231e-13
8.170199999999999818e+02 5.184849771000000063e-13
8.172100000000000364e+02 4.962981706799999476e-13
8.173999999999999773e+02 4.807987669999999820e-13
8.175899999999999181e+02 4.463387327999999701e-13
8.177799999999999727e+02 3.848611702600000390e-13
8.179700000000000273e+02 3.554562252300000067e-13
8.181600000000000819e+02 3.628392331200000087e-13
8.183500000000000227e+02 4.108035165000000089e-13
8.185399999999999636e+02 4.535341875799999683e-13
8.187300000000000182e+02 4.402212962399999977e-13
8.189199999999999591e+02 3.697595773200000260e-13
8.191100000000000136e+02 3.113625505300000295e-13
8.192999999999999545e+02 3.177163469999999908e-13
8.194900000000000091e+02 3.778848677799999549e-13
8.196799999999999500e+02 4.198220630399999541e-13
8.198700000000001182e+02 4.626723178800000803e-13
8.200600000000000591e+02 4.740381431800000649e-13
8.202500000000000000e+02 4.969369789999999453e-13
8.204399999999999409e+02 4.856848916399999904e-13
8.206299999999998818e+02 5.272826764199999955e-13
8.208200000000000500e+02 5.304434335200000605e-13
8.210099999999999909e+02 5.043111395700000445e-13
8.212000000000000455e+02 5.112249208000000649e-13
8.213899999999999864e+02 5.218339953399999618e-13
8.215799999999999272e+02 5.027699888999999356e-13
8.217700000000000955e+02 5.060492530800000646e-13
8.219600000000000364e+02 5.338613760800000013e-13
8.221499999999999773e+02 5.241239135999999944e-13
8.223399999999999181e+02 4.835885497599999201e-13
8.225299999999999727e+02 4.480904906299999318e-13
8.227200000000000273e+02 4.788106992000000826e-13
8.229100000000000819e+02 4.956518595600000511e-13
8.231000000000000227e+02 4.856611008999999729e-13
8.232899999999999636e+02 5.088212118600000405e-13
8.234799999999999045e+02 5.303030034399998982e-13
8.236700000000000728e+02 5.154600990300000348e-13
8.238600000000000136e+02 5.379146711999999689e-13
8.240499999999999545e+02 5.412253273500000611e-13
8.242400000000000091e+02 5.236792355200000327e-13
8.244299999999999500e+02 5.387155391999999455e-13
8.246200000000001182e+02 5.469506551200000784e-13
8.248100000000000591e+02 5.309557661099999347e-13
8.250000000000000000e+02 5.326232999999999929e-13
8.251899999999999409e+02 5.235880061399999769e-13
8.253799999999998818e+02 4.917993714799999777e-13
8.255700000000000500e+02 5.157360557100000242e-13
8.257599999999999909e+02 5.450288500800000314e-13
8.259500000000000455e+02 5.431612390000000406e-13
8.261399999999999864e+02 5.588209233599999961e-13
8.263299999999999272e+02 5.550921354800000364e-13
8.265200000000000955e+02 5.493242019600000459e-13
8.267100000000000364e+02 5.164523506800000482e-13
8.268999999999999773e+02 5.045644571999999400e-13
8.270899999999999181e+02 5.060632873999999486e-13
8.272799999999999727e+02 5.070572848799999332e-13
8.274700000000000273e+02 5.176668869400000128e-13
8.276600000000000819e+02 4.935328303399999854e-13
8.278500000000000227e+02 4.928853330000000090e-13
8.280399999999999636e+02 5.091154257599999961e-13
8.282299999999999045e+02 4.818981714300000053e-13
8.284200000000000728e+02 4.728944443799999779e-13
8.286100000000000136e+02 4.683088281400001013e-13
8.287999999999999545e+02 4.659662784000000467e-13
8.289900000000000091e+02 4.684838027400000458e-13
8.291799999999999500e+02 4.818265478399999932e-13
8.293700000000001182e+02 4.673408719300000430e-13
8.295600000000000591e+02 4.730773290000000855e-13
8.297500000000000000e+02 4.770365510000000516e-13
8.299399999999999409e+02 4.839604223799999546e-13
8.301299999999998818e+02 4.742582497799998860e-13
8.303200000000000500e+02 4.688044842399999693e-13
8.305099999999999909e+02 4.775283008200000487e-13
8.307000000000000455e+02 4.898172708000000011e-13
8.308899999999999864e+02 5.015492998100000043e-13
8.310799999999999272e+02 4.933997297999999897e-13
8.312700000000000955e+02 5.053290330000000199e-13
8.314600000000000364e+02 5.029734348800000142e-13
8.316499999999999773e+02 4.993442828999999662e-13
8.318399999999999181e+02 5.160277847999999933e-13
8.320299999999999727e+02 5.296919307799998956e-13
8.322200000000000273e+02 5.091272294000000482e-13
8.324100000000000819e+02 4.795480713600000053e-13
8.326000000000000227e+02 4.965068557999999885e-13
8.327899999999999636e+02 4.969957473599999353e-13
8.329799999999999045e+02 5.053089914399999111e-13
8.331700000000000728e+02 5.116238687300000478e-13
8.333600000000000136e+02 4.894439950400000457e-13
8.335499999999999545e+02 5.152314253500000206e-13
8.337400000000000091e+02 5.504818374399999651e-13
8.339299999999999500e+02 5.529039293000000056e-13
8.341200000000001182e+02 5.109418742400000583e-13
8.343100000000000591e+02 4.638546679400001031e-13
8.345000000000000000e+02 4.738775010000000359e-13
8.346899999999999409e+02 5.015602128600000259e-13
8.348799999999998818e+02 4.641131315199999698e-13
8.350700000000000500e+02 4.910929760200001104e-13
8.352599999999999909e+02 4.995355956000000331e-13
8.354500000000000455e+02 5.263226391499999788e-13
8.356399999999999864e+02 5.583637846799999492e-13
8.358299999999999272e+02 5.214592920600000109e-13
8.360200000000000955e+02 5.104386991600000577e-13
8.362100000000000364e+02 4.959076508200000455e-13
8.363999999999999773e+02 5.136349128000000026e-13
8.365899999999999181e+02 5.235514074400000123e-13
8.367799999999999727e+02 5.194830653599999644e-13
8.369700000000000273e+02 4.940031291600000517e-13
8.371600000000000819e+02 4.889047886399999879e-13
8.373500000000000227e+02 4.686714938000000138e-13
8.375399999999999636e+02 5.051513629799999264e-13
8.377299999999999045e+02 4.618958391799999882e-13
8.379200000000000728e+02 4.390147772800000127e-13
8.381100000000000136e+02 4.631362335600000368e-13
8.382999999999999545e+02 4.646219068999999623e-13
8.384900000000000091e+02 4.608760284999999683e-13
8.386799999999999500e+02 4.703116156800000043e-13
8.388700000000001182e+02 5.020829890099999573e-13
8.390600000000000591e+02 4.987448155400000294e-13
8.392500000000000000e+02 4.913095387499999495e-13
8.394399999999999409e+02 5.084572023999999598e-13
8.396299999999998818e+02 5.227099772399999359e-13
8.398200000000000500e+02 5.086378228200000269e-13
8.400099999999999909e+02 5.283982103800000353e-13
8.402000000000000455e+02 5.097325359999999877e-13
8.403899999999999864e+02 5.441491634399999701e-13
8.405799999999999272e+02 5.299091972199998999e-13
8.407700000000000955e+02 5.061031830400000169e-13
8.409600000000000364e+02 5.072250240000000381e-13
8.411499999999999773e+02 5.128718660500000686e-13
8.413399999999999181e+02 5.189982471400000195e-13
8.415299999999999727e+02 5.223435617099999144e-13
8.417200000000000273e+02 4.964674990000001072e-13
8.419100000000000819e+02 5.101578902299999653e-13
8.421000000000000227e+02 4.892179950000000235e-13
8.422899999999999636e+02 4.819339115900000330e-13
8.424799999999999045e+02 5.005173679999999911e-13
8.426700000000000728e+02 4.845158685900001036e-13
8.428600000000000136e+02 4.420868128799999931e-13
8.430499999999999545e+02 3.749296264999999872e-13
8.432400000000000091e+02 3.622483148399999778e-13
8.434299999999999500e+02 4.231058160699999549e-13
8.436200000000001182e+02 4.762977285600000682e-13
8.438100000000000591e+02 4.752531996300000005e-13
8.440000000000000000e+02 4.414879600000000340e-13
8.441899999999999409e+02 4.624835821700000433e-13
8.443799999999998818e+02 4.641244439399998990e-13
8.445700000000000500e+02 4.360362887400000369e-13
8.447599999999999909e+02 3.944175992400000216e-13
8.449500000000000455e+02 3.806787033000000027e-13
8.451399999999999864e+02 3.907741429200000152e-13
8.453299999999999272e+02 3.941105979299999717e-13
8.455200000000000955e+02 3.959832271200000324e-13
8.457100000000000364e+02 4.356083068000000133e-13
8.458999999999999773e+02 4.421485464000000236e-13
8.460899999999999181e+02 4.271942253599999539e-13
8.462799999999999727e+02 3.945238880799999630e-13
8.464700000000000273e+02 3.793286011000000256e-13
8.466600000000000819e+02 3.897590843399999948e-13
8.468500000000000227e+02 3.925945788999999891e-13
8.470399999999999636e+02 4.309383763199999687e-13
8.472299999999999045e+02 4.474831635599999822e-13
8.474200000000000728e+02 4.372229593200000329e-13
8.476100000000000136e+02 4.265809227500000357e-13
8.477999999999999545e+02 4.141367351999999975e-13
8.479900000000000091e+02 4.472256860499999837e-13
8.481799999999999500e+02 4.520443164399999718e-13
8.483700000000001182e+02 4.415231376900000793e-13
8.485600000000000591e+02 4.568714924799999848e-13
8.487500000000000000e+02 4.420621012499999978e-13
8.489399999999999409e+02 4.326291623399999915e-13
8.491299999999998818e+02 4.077980790199999215e-13
8.493200000000000500e+02 4.067741701200000431e-13
8.495099999999999909e+02 4.120081024500000658e-13
8.497000000000000455e+02 4.110270804000000248e-13
8.498899999999999864e+02 4.336393746999999598e-13
8.500799999999999272e+02 4.291076327999999730e-13
8.502700000000000955e+02 4.162343736400000489e-13
8.504600000000000364e+02 4.238403483600000213e-13
8.506499999999999773e+02 4.348037929500000194e-13
8.508399999999999181e+02 4.183818515200000003e-13
8.510299999999999727e+02 4.163783419199999592e-13
8.512200000000000273e+02 4.012676616600000361e-13
8.514100000000000819e+02 4.099862685800000152e-13
8.516000000000000227e+02 4.452190347999999796e-13
8.517899999999999636e+02 4.510619873399999594e-13
8.519799999999999045e+02 4.428660198399999695e-13
8.521700000000000728e+02 4.607137801200000203e-13
8.523600000000000136e+02 4.734800134800000346e-13
8.525499999999999545e+02 4.210394904500000056e-13
8.527400000000000091e+02 4.212237140999999683e-13
8.529299999999999500e+02 4.537920242699999684e-13
8.531200000000001182e+02 4.463993056000000707e-13
8.533100000000000591e+02 4.584169048200000159e-13
8.535000000000000000e+02 4.744922294999999609e-13
8.536899999999999409e+02 4.284670109999999799e-13
8.538799999999998818e+02 4.216613138399999201e-13
8.540700000000000500e+02 4.501828592100000264e-13
8.542599999999999909e+02 4.563704655399999919e-13
8.544500000000000455e+02 4.573588881500000258e-13
8.546399999999999864e+02 4.695605819999999790e-13
8.548299999999999272e+02 4.734151119599999182e-13
8.550200000000000955e+02 4.951574723600000019e-13
8.552100000000000364e+02 4.827993981899999561e-13
8.553999999999999773e+02 4.902331616000000591e-13
8.555899999999999181e+02 4.991512060000000465e-13
8.557799999999999727e+02 4.684069040999999184e-13
8.559700000000000273e+02 4.822372345700000462e-13
8.561600000000000819e+02 5.070419244800000860e-13
8.563500000000000227e+02 5.110945141500000244e-13
8.565399999999999636e+02 4.941756137600000532e-13
8.567299999999999045e+02 4.694229285199999542e-13
8.569200000000000728e+02 4.750515973200000397e-13
8.571100000000000136e+02 4.692437259199999884e-13
8.572999999999999545e+02 4.965155825999999193e-13
8.574900000000000091e+02 4.841731536000000339e-13
8.576799999999999500e+02 5.021201791999999527e-13
8.578700000000001182e+02 4.788312928100000399e-13
8.580600000000000591e+02 4.629370989599999992e-13
8.582500000000000000e+02 4.918776652499999975e-13
8.584399999999999409e+02 4.877681833200000059e-13
8.586299999999998818e+02 5.105748845699999603e-13
8.588200000000000500e+02 5.102438560399999859e-13
8.590099999999999909e+02 5.258876400200000242e-13
8.592000000000000455e+02 5.246335343999999767e-13
8.593899999999999864e+02 5.165784696099999835e-13
8.595799999999999272e+02 5.138809922399999627e-13
8.597700000000000955e+02 5.106380374800000523e-13
8.599600000000000364e+02 5.147703360800000144e-13
8.601499999999999773e+02 5.243904474999999858e-13
8.603399999999999181e+02 5.178627355199999636e-13
8.605299999999999727e+02 5.045201336999999525e-13
8.607200000000000273e+02 5.098208096800001371e-13
8.609100000000000819e+02 4.943388265500000722e-13
8.611000000000000227e+02 4.945176745999999804e-13
8.612899999999999636e+02 4.954191757399999480e-13
8.614799999999999045e+02 5.079768508799999332e-13
8.616700000000000728e+02 4.800389420100000738e-13
8.618600000000000136e+02 4.649105542200000272e-13
8.620499999999999545e+02 4.817669870999999660e-13
8.622400000000000091e+02 5.522371283199999895e-13
8.624299999999999500e+02 5.110035738799999623e-13
8.626200000000001182e+02 4.991171077199999568e-13
8.628100000000000591e+02 5.095410736000000266e-13
8.630000000000000000e+02 5.377258069999999502e-13
8.631899999999999409e+02 5.092544779199999016e-13
8.633799999999998818e+02 4.950033821599999955e-13
8.635700000000000500e+02 5.103655521500000643e-13
8.637599999999999909e+02 5.359155732000000296e-13
8.639500000000000455e+02 5.483974462000000277e-13
8.641399999999999864e+02 5.247783957599999091e-13
8.643299999999999272e+02 5.336295630299998913e-13
8.645200000000000955e+02 5.257924188000001065e-13
8.647100000000000364e+02 5.323872469300000815e-13
8.648999999999999773e+02 5.264672247000000003e-13
8.650899999999999181e+02 5.373298913400000288e-13
8.652799999999999727e+02 5.272047206399999733e-13
8.654700000000000273e+02 5.039337550200000006e-13
8.656600000000000819e+02 4.870921657799999704e-13
8.658500000000000227e+02 4.601490556999999909e-13
8.660399999999999636e+02 4.932747329999999266e-13
8.662299999999999045e+02 5.115417317399999532e-13
8.664200000000000728e+02 4.891556058200000701e-13
8.666100000000000136e+02 5.081541056999999752e-13
8.667999999999999545e+02 5.523041568000000385e-13
8.669900000000000091e+02 5.227169408999999601e-13
8.671799999999999500e+02 5.396036221799999434e-13
8.673700000000001182e+02 5.690936001800000444e-13
8.675600000000000591e+02 5.648015138800000383e-13
8.677500000000000000e+02 5.298481500000000519e-13
8.679399999999999409e+02 5.138881793199999246e-13
8.681299999999998818e+02 5.507381994799999608e-13
8.683200000000000500e+02 5.187300264000000225e-13
8.685099999999999909e+02 5.112570966000000338e-13
8.687000000000000455e+02 5.104550695999999818e-13
8.688899999999999864e+02 5.047738254899999700e-13
8.690799999999999272e+02 4.987458922399998892e-13
8.692700000000000955e+02 4.911219031400000394e-13
8.694600000000000364e+02 5.210743336799999595e-13
8.696499999999999773e+02 5.166851544999999782e-13
8.698399999999999181e+02 5.091869391999999697e-13
8.700299999999999727e+02 5.418050922899999511e-13
8.702200000000000273e+02 5.463075818200000817e-13
8.704100000000000819e+02 5.351402537400000254e-13
8.706000000000000227e+02 5.358203465999999392e-13
8.707899999999999636e+02 5.388344025200000338e-13
8.709799999999999045e+02 5.158692602799998891e-13
8.711700000000000728e+02 5.015134032600000727e-13
8.713600000000000136e+02 5.350429235199999888e-13
8.715499999999999545e+02 5.372530527000000168e-13
8.717400000000000091e+02 5.280460441199999427e-13
8.719299999999999500e+02 5.274034271700000043e-13
8.721200000000001182e+02 5.398187327600000234e-13
8.723100000000000591e+02 5.750520489900000829e-13
8.725000000000000000e+02 5.850173575000000147e-13
8.726899999999999409e+02 5.487125643999999967e-13
8.728799999999998818e+02 5.286170008799999197e-13
8.730700000000000500e+02 5.128483025600000086e-13
8.732599999999999909e+02 5.161071391199999815e-13
8.734500000000000455e+02 5.650522739999999319e-13
8.736399999999999864e+02 5.627665633199999022e-13
8.738299999999999272e+02 5.609298274299999773e-13
8.740200000000000955e+02 5.810843308200000339e-13
8.742100000000000364e+02 5.602890568899999889e-13
8.743999999999999773e+02 5.243733079999999509e-13
8.745899999999999181e+02 5.504966820599999840e-13
8.747799999999999727e+02 5.595923920999999616e-13
8.749700000000000273e+02 5.395686248700000707e-13
8.751600000000000819e+02 5.432783241600000325e-13
8.753500000000000227e+02 5.763768335499999292e-13
8.755399999999999636e+02 5.453003206400000522e-13
8.757299999999999045e+02 5.341304959799999184e-13
8.759200000000000728e+02 5.524611383200000355e-13
8.761100000000000136e+02 5.542000265899999855e-13
8.762999999999999545e+02 5.132392706999999625e-13
8.764900000000000091e+02 5.557972093300000612e-13
8.766799999999999500e+02 5.903037111999998811e-13
8.768700000000001182e+02 5.750636221800000771e-13
8.770600000000000591e+02 5.747830251200000869e-13
8.772500000000000000e+02 5.741302985000000170e-13
8.774399999999999409e+02 5.497767033599998927e-13
8.776299999999998818e+02 5.574161629399999738e-13
8.778200000000000500e+02 6.067298719600000856e-13
8.780099999999999909e+02 5.788623348899999572e-13
8.782000000000000455e+02 5.894434489999999640e-13
8.783899999999999864e+02 6.019000580899999842e-13
8.785799999999999272e+02 5.987900489399998971e-13
8.787700000000000955e+02 6.385722808200000525e-13
8.789600000000000364e+02 6.423457259199999711e-13
8.791499999999999773e+02 6.055198374000000394e-13
8.793399999999999181e+02 6.157982846399999922e-13
8.795299999999999727e+02 6.160096190499999900e-13
8.797200000000000273e+02 5.720599230000000080e-13
8.799100000000000819e+02 5.704852489500000434e-13
8.801000000000000227e+02 5.673555848999999767e-13
8.802899999999999636e+02 5.644049758199999765e-13
8.804799999999999045e+02 5.799079009599999486e-13
8.806700000000000728e+02 6.031532696000000523e-13
8.808600000000000136e+02 6.257805612000000482e-13
8.810499999999999545e+02 6.122090461499999509e-13
8.812400000000000091e+02 6.208749982799999107e-13
8.814299999999999500e+02 6.533282560199999741e-13
8.816200000000001182e+02 6.251867170800000014e-13
8.818100000000000591e+02 6.104417905999999964e-13
8.820000000000000000e+02 5.743786860000000191e-13
8.821899999999999409e+02 5.392342265499999820e-13
8.823799999999998818e+02 5.332919420199999679e-13
8.825700000000000500e+02 5.688190127100000025e-13
8.827599999999999909e+02 5.983232521200000712e-13
8.829500000000000455e+02 6.340596392500000647e-13
8.831399999999999864e+02 6.839115642599999787e-13
8.833299999999999272e+02 6.565862556399999305e-13
8.835200000000000955e+02 5.686546764800000722e-13
8.837100000000000364e+02 6.104818910699999664e-13
8.838999999999999773e+02 6.393840912999999649e-13
8.840899999999999181e+02 6.290132372900000405e-13
8.842799999999999727e+02 6.001864801199999739e-13
8.844700000000000273e+02 6.066500127700000037e-13
8.846600000000000819e+02 6.323408134399999642e-13
8.848500000000000227e+02 6.252748282499999765e-13
8.850399999999999636e+02 6.533303327200000072e-13
8.852299999999999045e+02 6.439826942499999725e-13
8.854200000000000728e+02 5.892771142800000228e-13
8.856100000000000136e+02 5.495652855000000188e-13
8.857999999999999545e+02 5.829414367999999817e-13
8.859900000000000091e+02 5.609388747900000145e-13
8.861799999999999500e+02 5.566300401399998794e-13
8.863700000000001182e+02 5.627704949200001410e-13
8.865600000000000591e+02 5.142562204799999957e-13
8.867500000000000000e+02 5.122098555000000373e-13
8.869399999999999409e+02 5.359813897600000065e-13
8.871299999999998818e+02 5.288102088299999215e-13
8.873200000000000500e+02 5.431569662400000463e-13
8.875099999999999909e+02 5.614441510599999980e-13
8.877000000000000455e+02 5.828735847000000589e-13
8.878899999999999864e+02 5.606022034299999437e-13
8.880799999999999272e+02 5.323400182399998771e-13
8.882700000000000955e+02 5.368179800700000723e-13
8.884600000000000364e+02 5.628038716000000073e-13
8.886499999999999773e+02 5.959109170000000127e-13
8.888399999999999181e+02 5.206504737599999984e-13
8.890299999999999727e+02 5.154640391499999628e-13
8.892200000000000273e+02 5.237141219800000910e-13
8.894100000000000819e+02 5.450082127499999872e-13
8.896000000000000227e+02 5.639352320000000690e-13
8.897899999999999636e+02 5.781205873300000460e-13
8.899799999999999045e+02 5.645837324400000194e-13
8.901700000000000728e+02 5.790751687400000511e-13
8.903600000000000136e+02 6.265178404799999497e-13
8.905499999999999545e+02 6.389571572999999767e-13
8.907400000000000091e+02 5.703951571399999958e-13
8.909299999999999500e+02 6.061362071299999229e-13
8.911200000000001182e+02 5.815146139199999651e-13
8.913100000000000591e+02 5.378868674900001137e-13
8.915000000000000000e+02 6.185521195000000126e-13
8.916899999999999409e+02 5.879224261500000336e-13
8.918799999999998818e+02 5.598981832399999848e-13
8.920700000000000500e+02 6.027306637799999758e-13
8.922599999999999909e+02 5.935607965800000526e-13
8.924500000000000455e+02 6.025304778999999382e-13
8.926399999999999864e+02 6.174703303999999085e-13
8.928299999999999272e+02 6.090904116600000252e-13
8.930200000000000955e+02 6.100523246799999898e-13
8.932100000000000364e+02 6.162443364100001025e-13
8.933999999999999773e+02 5.835796007999999692e-13
8.935899999999999181e+02 5.570389854800000424e-13
8.937799999999999727e+02 5.371582048799999624e-13
8.939700000000000273e+02 5.640941760300000677e-13
8.941600000000000819e+02 5.872038136000000072e-13
8.943500000000000227e+02 5.856176969499999633e-13
8.945399999999999636e+02 5.823142310999999933e-13
8.947299999999999045e+02 5.774417421299998981e-13
8.949200000000000728e+02 5.599917154000001088e-13
8.951100000000000136e+02 5.823093349499999708e-13
8.952999999999999545e+02 5.872711397000000625e-13
8.954900000000000091e+02 5.571685050600000012e-13
8.956799999999999500e+02 5.322426134399999455e-13
8.958700000000001182e+02 5.093970572200000777e-13
8.960600000000000591e+02 5.487399755200000724e-13
8.962500000000000000e+02 5.633773724999999459e-13
8.964399999999999409e+02 5.830087183999999346e-13
8.966299999999998818e+02 5.896929285099999257e-13
8.968200000000000500e+02 5.740419265200000589e-13
8.970099999999999909e+02 5.868849386799999445e-13
8.972000000000000455e+02 5.865355279999999901e-13
8.973899999999999864e+02 5.945720262300000192e-13
8.975799999999999272e+02 5.954438010399999950e-13
8.977700000000000955e+02 6.060809359200000242e-13
8.979600000000000364e+02 6.304092261600000376e-13
8.981499999999999773e+02 6.138639694000000202e-13
8.983399999999999181e+02 5.870517149000000114e-13
8.985299999999999727e+02 5.230963115699999431e-13
8.987200000000000273e+02 4.945566288000000163e-13
8.989100000000000819e+02 5.360757654200000196e-13
8.991000000000000227e+02 5.924970098999999227e-13
8.992899999999999636e+02 6.237097738199999429e-13
8.994799999999999045e+02 5.712111760799999236e-13
8.996700000000000728e+02 5.625249651900000835e-13
8.998600000000000136e+02 6.098513194800000429e-13
9.000499999999999545e+02 5.951832639000000157e-13
9.002400000000000091e+02 5.857492581599999979e-13
9.004299999999999500e+02 5.883859835000000119e-13
9.006200000000001182e+02 6.158358504200001045e-13
9.008100000000000591e+02 6.208715819700001013e-13
9.010000000000000000e+02 6.092598040000000312e-13
9.011899999999999409e+02 6.191112216700000398e-13
9.013799999999998818e+02 1.015152183599999944e-12
9.015700000000000500e+02 7.842270582199999967e-13
9.017599999999999909e+02 5.751073593600000312e-13
9.019500000000000455e+02 5.931665155499999962e-13
9.021399999999999864e+02 5.692440250199999660e-13
9.023299999999999272e+02 5.626641134399999891e-13
9.025200000000000955e+02 6.210095716799999977e-13
9.027100000000000364e+02 6.289027109300000163e-13
9.028999999999999773e+02 5.884154155000000141e-13
9.030899999999999181e+02 6.482154247499999302e-13
9.032799999999999727e+02 6.629686789599999489e-13
9.034700000000000273e+02 6.497692997100000565e-13
9.036600000000000819e+02 6.460391852399999680e-13
9.038500000000000227e+02 5.871066137000000355e-13
9.040399999999999636e+02 6.027035791199999202e-13
9.042299999999999045e+02 6.744995177399999801e-13
9.044200000000000728e+02 6.723132688799999945e-13
9.046100000000000136e+02 6.536630445100000604e-13
9.047999999999999545e+02 6.447984815999999593e-13
9.049900000000000091e+02 6.525403245299999040e-13
9.051799999999999500e+02 6.097174806599999087e-13
9.053700000000001182e+02 5.937697124699999999e-13
9.055600000000000591e+02 6.221043254800000427e-13
9.057500000000000000e+02 6.334534717499999805e-13
9.059399999999999409e+02 6.363014540400000473e-13
9.061299999999998818e+02 6.174587291199998768e-13
9.063200000000000500e+02 6.315482466400000960e-13
9.065099999999999909e+02 5.740973155500000152e-13
9.067000000000000455e+02 5.873212718999999918e-13
9.068899999999999864e+02 5.876683475599999722e-13
9.070799999999999272e+02 5.978101669199999680e-13
9.072700000000000955e+02 6.153576920400000712e-13
9.074600000000000364e+02 6.369806574799999541e-13
9.076499999999999773e+02 6.543149008500000409e-13
9.078399999999999181e+02 6.387389750399998943e-13
9.080299999999999727e+02 6.424929710399999667e-13
9.082200000000000273e+02 5.786869045200000774e-13
9.084100000000000819e+02 5.987166796200000115e-13
9.086000000000000227e+02 6.156419191999999726e-13
9.087899999999999636e+02 6.174237468899999698e-13
9.089799999999999045e+02 6.055370245599999553e-13
9.091700000000000728e+02 6.472153937500000095e-13
9.093600000000000136e+02 6.600707776800000327e-13
9.095499999999999545e+02 6.563776670499999968e-13
9.097400000000000091e+02 6.272802858399999651e-13
9.099299999999999500e+02 6.420930144299999445e-13
9.101200000000001182e+02 6.067415093200001234e-13
9.103100000000000591e+02 6.146340295199999963e-13
9.105000000000000000e+02 6.368583299999999594e-13
9.106899999999999409e+02 6.667589514299999728e-13
9.108799999999998818e+02 6.908897276799998950e-13
9.110700000000000500e+02 6.922492074000001149e-13
9.112599999999999909e+02 6.652535166200000568e-13
9.114500000000000455e+02 5.963325685999999170e-13
9.116399999999999864e+02 6.232891796399999650e-13
9.118299999999999272e+02 6.491646028799999110e-13
9.120200000000000955e+02 6.453134313000000645e-13
9.122100000000000364e+02 6.725769940500000199e-13
9.123999999999999773e+02 6.772188636000000316e-13
9.125899999999999181e+02 6.540459522799999777e-13
9.127799999999999727e+02 6.247915205399999378e-13
9.129700000000000273e+02 6.460750891100000308e-13
9.131600000000000819e+02 6.351840512400000222e-13
9.133500000000000227e+02 6.202715119500000237e-13
9.135399999999999636e+02 6.081527133999999102e-13
9.137299999999999045e+02 6.269348237100000145e-13
9.139200000000000728e+02 6.723956198400000238e-13
9.141100000000000136e+02 6.920041227500000089e-13
9.142999999999999545e+02 6.860815769999999782e-13
9.144900000000000091e+02 6.458750233199999385e-13
9.146799999999999500e+02 6.131795196799999536e-13
9.148700000000001182e+02 6.447070592600000897e-13
9.150600000000000591e+02 6.288109308000000707e-13
9.152500000000000000e+02 6.000937302499999851e-13
9.154399999999999409e+02 6.508595311999999485e-13
9.156299999999998818e+02 6.869486606099999908e-13
9.158200000000000500e+02 6.827740320599999868e-13
9.160099999999999909e+02 7.154230462100000381e-13
9.162000000000000455e+02 6.850454885999999796e-13
9.163899999999999864e+02 6.625206455199999602e-13
9.165799999999999272e+02 7.045557978199999053e-13
9.167700000000000955e+02 6.726194806800000777e-13
9.169600000000000364e+02 6.289804593599999544e-13
9.171499999999999773e+02 6.123260259999999728e-13
9.173399999999999181e+02 6.025648697399999814e-13
9.175299999999999727e+02 6.417452553099999641e-13
9.177200000000000273e+02 6.932897385600000646e-13
9.179100000000000819e+02 6.703083670500000194e-13
9.181000000000000227e+02 6.445043637999999833e-13
9.182899999999999636e+02 6.714068152099999356e-13
9.184799999999999045e+02 7.169967163199999342e-13
9.186700000000000728e+02 7.058729558800000424e-13
9.188600000000000136e+02 6.735822681800000995e-13
9.190499999999999545e+02 6.679021255500000092e-13
9.192400000000000091e+02 6.535989440399999686e-13
9.194299999999999500e+02 6.971329728899999659e-13
9.196200000000001182e+02 8.851921860600000640e-13
9.198100000000000591e+02 8.481568010000000323e-13
9.200000000000000000e+02 7.323163200000000099e-13
9.201899999999999409e+02 7.059798900899999607e-13
9.203799999999998818e+02 7.009715321799999769e-13
9.205700000000000500e+02 6.883571380700000129e-13
9.207599999999999909e+02 6.918995774400000107e-13
9.209500000000000455e+02 6.815020790500000334e-13
9.211399999999999864e+02 6.764806102999998795e-13
9.213299999999999272e+02 6.948845912700000281e-13
9.215200000000000955e+02 6.956489973600000613e-13
9.217100000000000364e+02 6.852941501300000097e-13
9.218999999999999773e+02 7.062915594000000032e-13
9.220899999999999181e+02 7.079558055700000286e-13
9.222799999999999727e+02 6.730541201599999345e-13
9.224700000000000273e+02 6.932085309000000031e-13
9.226600000000000819e+02 6.701270353400000882e-13
9.228500000000000227e+02 6.411195834499999899e-13
9.230399999999999636e+02 6.528615767999999504e-13
9.232299999999999045e+02 6.634598516700000041e-13
9.234200000000000728e+02 6.588075350600000462e-13
9.236100000000000136e+02 6.648957556799999555e-13
9.237999999999999545e+02 6.282680657999999963e-13
9.239900000000000091e+02 6.528552983899999905e-13
9.241799999999999500e+02 6.467670410399998938e-13
9.243700000000001182e+02 6.749426210500000754e-13
9.245600000000000591e+02 6.382459574400000025e-13
9.247500000000000000e+02 6.598516634999999793e-13
9.249399999999999409e+02 6.603590631199999292e-13
9.251299999999998818e+02 6.588045007299998683e-13
9.253200000000000500e+02 6.812899829999999518e-13
9.255099999999999909e+02 6.489416977200000637e-13
9.257000000000000455e+02 6.533201806000000112e-13
9.258899999999999864e+02 6.416084379599999008e-13
9.260799999999999272e+02 6.970631942399998899e-13
9.262700000000000955e+02 7.139735473500000494e-13
9.264600000000000364e+02 7.140829419000000643e-13
9.266499999999999773e+02 6.961763919499999627e-13
9.268399999999999181e+02 7.042945939199999009e-13
9.270299999999999727e+02 6.897918986399999809e-13
9.272200000000000273e+02 6.652534606200000164e-13
9.274100000000000819e+02 6.540225157400000289e-13
9.276000000000000227e+02 6.270121475999999754e-13
9.277899999999999636e+02 6.425001417399999031e-13
9.279799999999999045e+02 6.579832910199999174e-13
9.281700000000000728e+02 6.076636173000000728e-13
9.283600000000000136e+02 5.853022008399999913e-13
9.285499999999999545e+02 6.438398561000000339e-13
9.287400000000000091e+02 5.882471986800000236e-13
9.289299999999999500e+02 6.051254384599999080e-13
9.291200000000001182e+02 6.198726283200000197e-13
9.293100000000000591e+02 6.232956514800000872e-13
9.295000000000000000e+02 6.286719724999999937e-13
9.296899999999999409e+02 5.904200876799999059e-13
9.298799999999998818e+02 5.918676901199999364e-13
9.300700000000000500e+02 5.946886181400000131e-13
9.302599999999999909e+02 6.028280154600000180e-13
9.304500000000000455e+02 4.934874187499999746e-13
9.306399999999999864e+02 5.161711002399999517e-13
9.308299999999999272e+02 5.550799922399999571e-13
9.310200000000000955e+02 4.761441104400000652e-13
9.312100000000000364e+02 4.561122452599999773e-13
9.313999999999999773e+02 4.397940404000000042e-13
9.315899999999999181e+02 5.375451302099999958e-13
9.317799999999999727e+02 5.601982491400000228e-13
9.319700000000000273e+02 4.512458944500000012e-13
9.321600000000000819e+02 4.344350323200000509e-13
9.323500000000000227e+02 5.221523616500000292e-13
9.325399999999999636e+02 5.800734514399999174e-13
9.327299999999999045e+02 5.395208793599999500e-13
9.329200000000000728e+02 4.940800295199999831e-13
9.331100000000000136e+02 4.656022946899999566e-13
9.332999999999999545e+02 4.254681374999999887e-13
9.334900000000000091e+02 4.769480456999999219e-13
9.336799999999999500e+02 5.088761409600000118e-13
9.338700000000001182e+02 4.385500213500000135e-13
9.340600000000000591e+02 4.158080177200000323e-13
9.342500000000000000e+02 4.551479150000000629e-13
9.344399999999999409e+02 5.475220358400000106e-13
9.346299999999998818e+02 5.967892938999999153e-13
9.348200000000000500e+02 5.259344060999999852e-13
9.350099999999999909e+02 4.400708715899999892e-13
9.352000000000000455e+02 3.750310984000000480e-13
9.353899999999999864e+02 3.652688596099999880e-13
9.355799999999999272e+02 4.710682723199999891e-13
9.357700000000000955e+02 5.494794651500000067e-13
9.359600000000000364e+02 5.404457670400000395e-13
9.361499999999999773e+02 5.560365901499999872e-13
9.363399999999999181e+02 5.312268809599999550e-13
9.365299999999999727e+02 4.422023066299999702e-13
9.367200000000000273e+02 4.385142273600000381e-13
9.369100000000000819e+02 4.899842548899999943e-13
9.371000000000000227e+02 4.659223716000000631e-13
9.372899999999999636e+02 4.613453854800000148e-13
9.374799999999999045e+02 3.965634147999999568e-13
9.376700000000000728e+02 4.591451182200000035e-13
9.378600000000000136e+02 5.651488088400000265e-13
9.380499999999999545e+02 5.463822313000000145e-13
9.382400000000000091e+02 5.082005107200000044e-13
9.384299999999999500e+02 5.614945756199999188e-13
9.386200000000001182e+02 6.297633345199999961e-13
9.388100000000000591e+02 6.608246037599999970e-13
9.390000000000000000e+02 6.955980540000000445e-13
9.391899999999999409e+02 6.595311504600000412e-13
9.393799999999998818e+02 6.415082382799999674e-13
9.395700000000000500e+02 5.721906134400000495e-13
9.397599999999999909e+02 5.767607843200000689e-13
9.399500000000000455e+02 6.432961403000001001e-13
9.401399999999999864e+02 5.984310747600000079e-13
9.403299999999999272e+02 5.487775283299999299e-13
9.405200000000000955e+02 5.939308558399999970e-13
9.407100000000000364e+02 5.697946319700000238e-13
9.408999999999999773e+02 5.840439161000000273e-13
9.410899999999999181e+02 6.042258934099999842e-13
9.412799999999999727e+02 6.246004631999999259e-13
9.414700000000000273e+02 6.330585500500000000e-13
9.416600000000000819e+02 6.367749751600000414e-13
9.418500000000000227e+02 6.122053255500000844e-13
9.420399999999999636e+02 6.004167303200000008e-13
9.422299999999999045e+02 4.921484002899999741e-13
9.424200000000000728e+02 4.760879659200000319e-13
9.426100000000000136e+02 4.960824464600000348e-13
9.427999999999999545e+02 5.425748004000000111e-13
9.429900000000000091e+02 6.519587682599999720e-13
9.431799999999999500e+02 2.649345460999999867e-13
9.433700000000001182e+02 4.754631968500000041e-13
9.435600000000000591e+02 4.846718602799999680e-13
9.437500000000000000e+02 3.323925250000000039e-13
9.439399999999999409e+02 4.083182379200000102e-13
9.441299999999998818e+02 4.336832831099999731e-13
9.443200000000000500e+02 5.662029401600000267e-13
9.445099999999999909e+02 6.538304359299999913e-13
9.447000000000000455e+02 6.598200468000000391e-13
9.448899999999999864e+02 6.318743999199999904e-13
9.450799999999999272e+02 5.852521309599999625e-13
9.452700000000000955e+02 5.737042136700000005e-13
9.454600000000000364e+02 4.836547903000000132e-13
9.456499999999999773e+02 4.632086851500000260e-13
9.458399999999999181e+02 5.190183499199999626e-13
9.460299999999999727e+02 5.763016093699999579e-13
9.462200000000000273e+02 5.942886105200000143e-13
9.464100000000000819e+02 5.565250435799999640e-13
9.466000000000000227e+02 4.937228949999999552e-13
9.467899999999999636e+02 5.881421608399999642e-13
9.469799999999999045e+02 5.767638508799999712e-13
9.471700000000000728e+02 5.440733914000000375e-13
9.473600000000000136e+02 6.285582022400000203e-13
9.475499999999999545e+02 5.317148398500000555e-13
9.477400000000000091e+02 4.197142409199999606e-13
9.479299999999999500e+02 4.703875121800000060e-13
9.481200000000001182e+02 5.902321954800000405e-13
9.483100000000000591e+02 6.354985667799999514e-13
9.485000000000000000e+02 7.026193965000000565e-13
9.486899999999999409e+02 7.087520686499999697e-13
9.488799999999998818e+02 5.831465394399999734e-13
9.490700000000000500e+02 5.399562932400000713e-13
9.492599999999999909e+02 5.476973899800000477e-13
9.494500000000000455e+02 5.419033347500000381e-13
9.496399999999999864e+02 5.242269202800000093e-13
9.498299999999999272e+02 5.575492601699999937e-13
9.500200000000000955e+02 6.282425258800000129e-13
9.502100000000000364e+02 6.650681325699999623e-13
9.503999999999999773e+02 7.017154847999999676e-13
9.505899999999999181e+02 7.249351434399999922e-13
9.507799999999999727e+02 7.973288618999999645e-13
9.509700000000000273e+02 7.849648729200000322e-13
9.511600000000000819e+02 6.892676056000000023e-13
9.513500000000000227e+02 5.818665897000000035e-13
9.515399999999999636e+02 4.951252751399999454e-13
9.517299999999999045e+02 4.785326991899999704e-13
9.519200000000000728e+02 5.796574052000000263e-13
9.521100000000000136e+02 6.083221212000000113e-13
9.522999999999999545e+02 6.999109787000000349e-13
9.524900000000000091e+02 7.102108336399999799e-13
9.526799999999999500e+02 6.608855481599999171e-13
9.528700000000001182e+02 6.991693153700001164e-13
9.530600000000000591e+02 6.953106413600000161e-13
9.532500000000000000e+02 6.689555797500000303e-13
9.534399999999999409e+02 7.024821972799999342e-13
9.536299999999998818e+02 7.070556126799999437e-13
9.538200000000000500e+02 6.430845204000000543e-13
9.540099999999999909e+02 6.625389567800000492e-13
9.542000000000000455e+02 7.034982630000000730e-13
9.543899999999999864e+02 6.979492245599999197e-13
9.545799999999999272e+02 6.545249594399998740e-13
9.547700000000000955e+02 6.739444546700000114e-13
9.549600000000000364e+02 6.353148338400000471e-13
9.551499999999999773e+02 5.944290061500000581e-13
9.553399999999999181e+02 5.869570746400000143e-13
9.555299999999999727e+02 6.988889749499999791e-13
9.557200000000000273e+02 7.752456580800000532e-13
9.559100000000000819e+02 7.071468493300000314e-13
9.561000000000000227e+02 5.967689369999999990e-13
9.562899999999999636e+02 5.847799416099999731e-13
9.564799999999999045e+02 5.962696320000000085e-13
9.566700000000000728e+02 5.623277559900000338e-13
9.568600000000000136e+02 6.677906802799999848e-13
9.570499999999999545e+02 7.436613467499999573e-13
9.572400000000000091e+02 7.072280567999999778e-13
9.574299999999999500e+02 6.931869794399998474e-13
9.576200000000001182e+02 6.343782418600000044e-13
9.578100000000000591e+02 5.955614689499999719e-13
9.580000000000000000e+02 6.929702580000000164e-13
9.581899999999999409e+02 6.806148134700000461e-13
9.583799999999998818e+02 6.427519226999999348e-13
9.585700000000000500e+02 6.186744979800001054e-13
9.587599999999999909e+02 5.931924820800000527e-13
9.589500000000000455e+02 5.912626783500000716e-13
9.591399999999999864e+02 6.080765363399999464e-13
9.593299999999999272e+02 6.301666090599999810e-13
9.595200000000000955e+02 6.423784900800001307e-13
9.597100000000000364e+02 7.106834894900001093e-13
9.598999999999999773e+02 7.626923846000000107e-13
9.600899999999999181e+02 5.917620324900000375e-13
9.602799999999999727e+02 6.001942056000000155e-13
9.604700000000000273e+02 6.658112505800001047e-13
9.606600000000000819e+02 7.329855013200000361e-13
9.608500000000000227e+02 7.547130843999999846e-13
9.610399999999999636e+02 7.640729299199999720e-13
9.612299999999999045e+02 8.083982749199999444e-13
9.614200000000000728e+02 7.317838715800000008e-13
9.616100000000000136e+02 6.561613147700000425e-13
9.617999999999999545e+02 6.072930234000000100e-13
9.619900000000000091e+02 6.196860602899999963e-13
9.621799999999999500e+02 6.797464937000000036e-13
9.623700000000001182e+02 7.460898533100000957e-13
9.625600000000000591e+02 7.751312793600000221e-13
9.627500000000000000e+02 7.646535972500000230e-13
9.629399999999999409e+02 7.910542470599999484e-13
9.631299999999998818e+02 7.251097568399998881e-13
9.633200000000000500e+02 7.421465446000000207e-13
9.635099999999999909e+02 7.406087060700000381e-13
9.637000000000000455e+02 7.174187554000000022e-13
9.638899999999999864e+02 6.800137922099999441e-13
9.640799999999999272e+02 6.650869773600000230e-13
9.642700000000000955e+02 7.385999633600000350e-13
9.644600000000000364e+02 7.652266755000000456e-13
9.646499999999999773e+02 7.370996761500000379e-13
9.648399999999999181e+02 7.558749528000000315e-13
9.650299999999999727e+02 7.450002649099999096e-13
9.652200000000000273e+02 7.613307880800000204e-13
9.654100000000000819e+02 8.241434855200000770e-13
9.656000000000000227e+02 7.745212783999999370e-13
9.657899999999999636e+02 7.239030655500000305e-13
9.659799999999999045e+02 7.308875154399999336e-13
9.661700000000000728e+02 6.972452760299999889e-13
9.663600000000000136e+02 6.511304689199999959e-13
9.665499999999999545e+02 7.039692945999999473e-13
9.667400000000000091e+02 7.024361842199999669e-13
9.669299999999999500e+02 6.155205639599999417e-13
9.671200000000001182e+02 6.803843939200000418e-13
9.673100000000000591e+02 7.741768854000000259e-13
9.675000000000000000e+02 7.824811049999999856e-13
9.676899999999999409e+02 7.414053704000000695e-13
9.678799999999998818e+02 7.905305081999999931e-13
9.680700000000000500e+02 8.045397433200000504e-13
9.682599999999999909e+02 7.404497237199999832e-13
9.684500000000000455e+02 7.756548477999999734e-13
9.686399999999999864e+02 8.030015913599998765e-13
9.688299999999999272e+02 7.778590745499999645e-13
9.690200000000000955e+02 7.211194894800000462e-13
9.692100000000000364e+02 7.149028649399999929e-13
9.693999999999999773e+02 8.048491969999999854e-13
9.695899999999999181e+02 7.558962423600000166e-13
9.697799999999999727e+02 7.402708954199999531e-13
9.699700000000000273e+02 7.740913482900000322e-13
9.701600000000000819e+02 8.021205267200000254e-13
9.703500000000000227e+02 6.780786393000000394e-13
9.705399999999999636e+02 6.676393186999999825e-13
9.707299999999999045e+02 8.136920957099998533e-13
9.709200000000000728e+02 7.511066247599999752e-13
9.711100000000000136e+02 7.356206805499999608e-13
9.712999999999999545e+02 8.356084186999999075e-13
9.714900000000000091e+02 8.259782848199999451e-13
9.716799999999999500e+02 7.934068420799999363e-13
9.718700000000001182e+02 7.873313244000000150e-13
9.720600000000000591e+02 8.565957970200000583e-13
9.722500000000000000e+02 8.488160567499999411e-13
9.724399999999999409e+02 6.839647015599999633e-13
9.726299999999998818e+02 7.488774411299999967e-13
9.728200000000000500e+02 7.955507939600000051e-13
9.730099999999999909e+02 7.003842741199999214e-13
9.732000000000000455e+02 6.544877051999999927e-13
9.733899999999999864e+02 6.899972353999999747e-13
9.735799999999999272e+02 7.306610806199999360e-13
9.737700000000000955e+02 7.040639493299999497e-13
9.739600000000000364e+02 7.373890118400000277e-13
9.741499999999999773e+02 7.863182935999999546e-13
9.743399999999999181e+02 6.958482951599999685e-13
9.745299999999999727e+02 7.548953012499999173e-13
9.747200000000000273e+02 6.732030393599999568e-13
9.749100000000000819e+02 6.827284980899999822e-13
9.751000000000000227e+02 7.467598579000000068e-13
9.752899999999999636e+02 6.808284926199999721e-13
9.754799999999999045e+02 7.058973226799999342e-13
9.756700000000000728e+02 7.224689999500000809e-13
9.758600000000000136e+02 7.096424644200001018e-13
9.760499999999999545e+02 7.637220350999999409e-13
9.762400000000000091e+02 7.806210287999999257e-13
9.764299999999999500e+02 7.306781918799999381e-13
9.766200000000001182e+02 7.457187100200000798e-13
9.768100000000000591e+02 7.070834547000000776e-13
9.770000000000000000e+02 7.936024450000000291e-13
9.771899999999999409e+02 8.093253702299999914e-13
9.773799999999998818e+02 7.336419529799999528e-13
9.775700000000000500e+02 8.069928331300000778e-13
9.777599999999999909e+02 7.170833174399999682e-13
9.779500000000000455e+02 7.058324786500000330e-13
9.781399999999999864e+02 7.538446728799999254e-13
9.783299999999999272e+02 7.715169079799999447e-13
9.785200000000000955e+02 8.054677594800001572e-13
9.787100000000000364e+02 5.970316954899999649e-13
9.788999999999999773e+02 6.108384944999999653e-13
9.790899999999999181e+02 5.211793979000000299e-13
9.792799999999999727e+02 6.741128492799999336e-13
9.794700000000000273e+02 6.132177623700000719e-13
9.796600000000000819e+02 6.939970219600000466e-13
9.798500000000000227e+02 6.827173464500000399e-13
9.800399999999999636e+02 6.902549125199999798e-13
9.802299999999999045e+02 7.550790108399998559e-13
9.804200000000000728e+02 7.811770867600000481e-13
9.806100000000000136e+02 7.533663804299999463e-13
9.807999999999999545e+02 7.726046031999999888e-13
9.809900000000000091e+02 6.887040294999999428e-13
9.811799999999999500e+02 5.364542779199999126e-13
9.813700000000001182e+02 2.567931251600000211e-13
9.815600000000000591e+02 2.796376099600000029e-13
9.817500000000000000e+02 5.461887585000000367e-13
9.819399999999999409e+02 7.666545647000000091e-13
9.821299999999998818e+02 6.643363031199999204e-13
9.823200000000000500e+02 6.121729831200000114e-13
9.825099999999999909e+02 6.600512005099999492e-13
9.827000000000000455e+02 6.864395348000000724e-13
9.828899999999999864e+02 6.629209722900000294e-13
9.830799999999999272e+02 6.627325681199998916e-13
9.832700000000000955e+02 6.735261842200000427e-13
9.834600000000000364e+02 6.655211504400000396e-13
9.836499999999999773e+02 5.661102480000000039e-13
9.838399999999999181e+02 5.443744134399999443e-13
9.840299999999999727e+02 6.240019598699999307e-13
9.842200000000000273e+02 6.199660833200000882e-13
9.844100000000000819e+02 5.893249217800000141e-13
9.846000000000000227e+02 6.737164884000000450e-13
9.847899999999999636e+02 5.934511954299999297e-13
9.849799999999999045e+02 6.764044806199999670e-13
9.851700000000000728e+02 6.596363362200001118e-13
9.853600000000000136e+02 6.976329092800000336e-13
9.855499999999999545e+02 6.578901048000000435e-13
9.857400000000000091e+02 6.445882006199999943e-13
9.859299999999999500e+02 3.996348943399999836e-13
9.861200000000001182e+02 -1.609535202800000145e-13
9.863100000000000591e+02 -5.287627636200000149e-14
9.865000000000000000e+02 6.959431954999999314e-13
9.866899999999999409e+02 6.609046957999999596e-13
9.868799999999998818e+02 6.954385459199998713e-13
9.870700000000000500e+02 6.250808318300000961e-13
9.872599999999999909e+02 5.699205165000000265e-13
9.874500000000000455e+02 7.050205384499999357e-13
9.876399999999999864e+02 6.876621275200000159e-13
9.878299999999999272e+02 4.513286608699999526e-13
9.880200000000000955e+02 5.607092541600000619e-13
9.882100000000000364e+02 5.815092098700000056e-13
9.883999999999999773e+02 6.047327720000000705e-13
9.885899999999999181e+02 6.408781822500000205e-13
9.887799999999999727e+02 5.930751878999999691e-13
9.889700000000000273e+02 5.803671548000001007e-13
9.891600000000000819e+02 6.313956653999999441e-13
9.893500000000000227e+02 6.302495878999999162e-13
9.895399999999999636e+02 7.884644824599999582e-13
9.897299999999999045e+02 6.766031815199999344e-13
9.899200000000000728e+02 6.317402161600000793e-13
9.901100000000000136e+02 7.354408365700000126e-13
9.902999999999999545e+02 7.058046353999998978e-13
9.904900000000000091e+02 6.601348417700000269e-13
9.906799999999999500e+02 5.789117834399999733e-13
9.908700000000001182e+02 6.228351193800000296e-13
9.910600000000000591e+02 6.461166116999999656e-13
9.912500000000000000e+02 4.666428324999999981e-13
9.914399999999999409e+02 4.202357241599999465e-13
9.916299999999998818e+02 7.436778766499998496e-13
9.918200000000000500e+02 5.309827388399999679e-13
9.920099999999999909e+02 5.596176412499999232e-13
9.922000000000000455e+02 6.013763888000000021e-13
9.923899999999999864e+02 6.338791885999999212e-13
9.925799999999999272e+02 5.246420551199999446e-13
9.927700000000000955e+02 6.141334786200000629e-13
9.929600000000000364e+02 6.601078924800000779e-13
9.931499999999999773e+02 6.265902528000000139e-13
9.933399999999999181e+02 6.960601581800000337e-13
9.935299999999999727e+02 5.304724923099999105e-13
9.937200000000000273e+02 4.760644215600000110e-13
9.939100000000000819e+02 5.399008571900000319e-13
