6.160000000000000000e+02 1.800932525735821407e-14
6.163782882882883314e+02 1.812098408034045552e-14
6.167565765765765491e+02 1.818074256115610406e-14
6.171348648648648805e+02 1.815981168177957006e-14
6.175131531531530982e+02 1.803477000358151626e-14
6.178914414414414296e+02 1.778900966922698492e-14
6.182697297297297609e+02 1.740980661076087232e-14
6.186480180180179786e+02 1.690459662780244496e-14
6.190263063063063100e+02 1.632354583320484596e-14
6.194045945945946414e+02 1.576116072665960772e-14
6.197828828828828591e+02 1.532173268000373772e-14
6.201611711711711905e+02 1.505895579550109749e-14
6.205394594594594082e+02 1.494591042849902947e-14
6.209177477477477396e+02 1.490934844235172715e-14
6.212960360360360710e+02 1.488095724414040275e-14
6.216743243243242887e+02 1.481647999820733539e-14
6.220526126126126201e+02 1.468733433391736688e-14
6.224309009009009515e+02 1.447564973399456532e-14
6.228091891891891692e+02 1.418362279115930230e-14
6.231874774774775005e+02 1.384209065648681737e-14
6.235657657657657182e+02 1.351553087643838963e-14
6.239440540540540496e+02 1.329470255388945029e-14
6.243223423423423810e+02 1.326746385826749474e-14
6.247006306306305987e+02 1.349765064874975586e-14
6.250789189189189301e+02 1.401747252344227395e-14
6.254572072072072615e+02 1.480014726689336261e-14
6.258354954954954792e+02 1.574915669863874430e-14
6.262137837837838106e+02 1.675166216061099657e-14
6.265920720720720283e+02 1.774097217652873476e-14
6.269703603603603597e+02 1.871922806750635371e-14
6.273486486486486911e+02 1.975629236123806767e-14
6.277269369369369088e+02 2.096314556306102788e-14
6.281052252252252401e+02 2.243177975972027649e-14
6.284835135135135715e+02 2.418445549552232153e-14
6.288618018018017892e+02 2.618091936672203558e-14
6.292400900900901206e+02 2.836040178536966138e-14
6.296183783783783383e+02 3.066811046739067966e-14
6.299966666666666697e+02 3.306215081501916467e-14
6.303749549549550011e+02 3.551294162081625220e-14
6.307532432432432188e+02 3.799093953828475970e-14
6.311315315315315502e+02 4.044647343515179149e-14
6.315098198198197679e+02 4.280798702825693984e-14
6.318881081081080993e+02 4.501221268077621518e-14
6.322663963963964306e+02 4.703431193359416478e-14
6.326446846846846483e+02 4.888622687349266564e-14
6.330229729729729797e+02 5.058883570866958790e-14
6.334012612612613111e+02 5.212908041464284494e-14
6.337795495495495288e+02 5.342836541777286907e-14
6.341578378378378602e+02 5.436183057878021589e-14
6.345361261261260779e+02 5.481921240250027568e-14
6.349144144144144093e+02 5.476213109500380593e-14
6.352927027027027407e+02 5.424628489180641643e-14
6.356709909909909584e+02 5.340291410554790798e-14
6.360492792792792898e+02 5.240794137484085828e-14
6.364275675675676212e+02 5.145827837718725012e-14
6.368058558558558389e+02 5.073762023659668942e-14
6.371841441441441702e+02 5.038372937199233890e-14
6.375624324324323879e+02 5.049228882322843782e-14
6.379407207207207193e+02 5.113844700628651369e-14
6.383190090090090507e+02 5.236862711538040812e-14
6.386972972972972684e+02 5.415728865221580333e-14
6.390755855855855998e+02 5.637981433572860275e-14
6.394538738738739312e+02 5.884091024093223659e-14
6.398321621621621489e+02 6.132780207489056088e-14
6.402104504504504803e+02 6.364924922778459770e-14
6.405887387387386980e+02 6.566342634560060280e-14
6.409670270270270294e+02 6.730050772217766426e-14
6.413453153153153607e+02 6.857708958345112753e-14
6.417236036036035784e+02 6.959133826083735891e-14
6.421018918918919098e+02 7.047454626167814103e-14
6.424801801801802412e+02 7.132388624114615820e-14
6.428584684684684589e+02 7.218044537474021008e-14
6.432367567567567903e+02 7.305220323686282275e-14
6.436150450450450080e+02 7.393470007036420261e-14
6.439933333333333394e+02 7.481240549198910920e-14
6.443716216216216708e+02 7.565761116667004984e-14
6.447499099099098885e+02 7.644511639382228576e-14
6.451281981981982199e+02 7.716756098006807692e-14
6.455064864864864376e+02 7.783119924039504890e-14
6.458847747747747690e+02 7.845046003180325120e-14
6.462630630630631003e+02 7.904647030052520102e-14
6.466413513513513180e+02 7.963195675964486600e-14
6.470196396396396494e+02 8.021569635450477886e-14
6.473979279279279808e+02 8.084446472024675901e-14
6.477762162162161985e+02 8.160943038637678280e-14
6.481545045045045299e+02 8.259499992004431552e-14
6.485327927927927476e+02 8.384758523106429154e-14
6.489110810810810790e+02 8.539291236310274986e-14
6.492893693693694104e+02 8.725989868830871026e-14
6.496676576576576281e+02 8.947180468241105520e-14
6.500459459459459595e+02 9.200622578909061705e-14
6.504242342342342909e+02 9.478717065297693605e-14
6.508025225225225086e+02 9.773518379154043038e-14
6.511808108108108399e+02 1.007958972467408580e-13
6.515590990990990576e+02 1.039063381777766954e-13
6.519373873873873890e+02 1.069600492253621400e-13
6.523156756756757204e+02 1.098151921559794729e-13
6.526939639639639381e+02 1.123218844459767664e-13
6.530722522522522695e+02 1.143401016839996282e-13
6.534505405405406009e+02 1.157512702832636413e-13
6.538288288288288186e+02 1.164749515112139572e-13
6.542071171171171500e+02 1.165058418220771855e-13
6.545854054054053677e+02 1.159421550914551875e-13
6.549636936936936991e+02 1.149352205410250075e-13
6.553419819819820304e+02 1.135913967037560662e-13
6.557202702702702481e+02 1.119181334475989262e-13
6.560985585585585795e+02 1.098478109620414047e-13
6.564768468468469109e+02 1.073438811755421898e-13
6.568551351351351286e+02 1.045112339263884288e-13
6.572334234234234600e+02 1.015842640303166789e-13
6.576117117117116777e+02 9.881420244947491818e-14
6.579900000000000091e+02 9.637635392609546071e-14
6.583682882882883405e+02 9.433067006440213070e-14
6.587465765765765582e+02 9.261852954898526174e-14
6.591248648648648896e+02 9.111599078377526107e-14
6.595031531531531073e+02 8.971800750719406187e-14
6.598814414414414387e+02 8.837071812415740733e-14
6.602597297297297700e+02 8.704576369881719572e-14
6.606380180180179877e+02 8.571505077040473555e-14
6.610163063063063191e+02 8.433851737656894310e-14
6.613945945945946505e+02 8.285891848139988624e-14
6.617728828828828682e+02 8.122409416788979676e-14
6.621511711711711996e+02 7.942603206679284358e-14
6.625294594594594173e+02 7.750796510797849464e-14
6.629077477477477487e+02 7.552590911839550659e-14
6.632860360360360801e+02 7.351398711686585777e-14
6.636643243243242978e+02 7.149581859312113299e-14
6.640426126126126292e+02 6.950999024588381730e-14
6.644209009009009606e+02 6.761429211852845774e-14
6.647991891891891783e+02 6.588513632468196108e-14
6.651774774774775096e+02 6.441053255601878207e-14
6.655557657657657273e+02 6.325714474452128979e-14
6.659340540540540587e+02 6.243554499768260192e-14
6.663123423423423901e+02 6.189403634675645255e-14
6.666906306306306078e+02 6.153217444111126887e-14
6.670689189189189392e+02 6.123070270451205511e-14
6.674472072072072706e+02 6.090306007175687295e-14
6.678254954954954883e+02 6.053353315964062965e-14
6.682037837837838197e+02 6.016985583645187863e-14
6.685820720720720374e+02 5.987467848713352872e-14
6.689603603603603688e+02 5.966292515647293844e-14
6.693386486486487001e+02 5.948037993452882086e-14
6.697169369369369178e+02 5.923387031989425574e-14
6.700952252252252492e+02 5.883243653842833050e-14
6.704735135135135806e+02 5.823488006404269455e-14
6.708518018018017983e+02 5.748556232088349307e-14
6.712300900900901297e+02 5.669620288696994231e-14
6.716083783783783474e+02 5.598966775305667953e-14
6.719866666666666788e+02 5.545439086535588084e-14
6.723649549549550102e+02 5.513158945626577413e-14
6.727432432432432279e+02 5.502643575608430075e-14
6.731215315315315593e+02 5.512576686961285958e-14
6.734998198198197770e+02 5.540975778700481674e-14
6.738781081081081084e+02 5.585388579072327744e-14
6.742563963963964397e+02 5.643977205972915928e-14
6.746346846846846574e+02 5.717859111839457684e-14
6.750129729729729888e+02 5.810478411055810797e-14
6.753912612612613202e+02 5.922980430990606498e-14
6.757695495495495379e+02 6.050577567032474329e-14
6.761478378378378693e+02 6.182374769941553537e-14
6.765261261261260870e+02 6.303718034937867426e-14
6.769044144144144184e+02 6.400793694294576349e-14
6.772827027027027498e+02 6.465075904130223577e-14
6.776609909909909675e+02 6.494164500571573210e-14
6.780392792792792989e+02 6.490555781951428208e-14
6.784175675675676302e+02 6.461533760056439540e-14
6.787958558558558479e+02 6.419224791468195548e-14
6.791741441441441793e+02 6.378058754994762332e-14
6.795524324324323970e+02 6.348962491374269290e-14
6.799307207207207284e+02 6.334444821836209323e-14
6.803090090090090598e+02 6.329742745340618150e-14
6.806872972972972775e+02 6.328494958201639618e-14
6.810655855855856089e+02 6.327524468581497834e-14
6.814438738738738266e+02 6.327815859359805276e-14
6.818221621621621580e+02 6.332540558180881750e-14
6.822004504504504894e+02 6.345055532472453666e-14
6.825787387387387071e+02 6.367290437014855919e-14
6.829570270270270385e+02 6.397090737217177517e-14
6.833353153153153698e+02 6.427127918076294873e-14
6.837136036036035875e+02 6.448165463750279340e-14
6.840918918918919189e+02 6.453248411361471195e-14
6.844701801801802503e+02 6.439778742241658350e-14
6.848484684684684680e+02 6.411123652405020347e-14
6.852267567567567994e+02 6.377137867818642804e-14
6.856050450450450171e+02 6.351186183258337415e-14
6.859833333333333485e+02 6.345748297267184557e-14
6.863616216216216799e+02 6.370372466265570106e-14
6.867399099099098976e+02 6.431515868955044696e-14
6.871181981981982290e+02 6.530990563217168463e-14
6.874964864864864467e+02 6.664432746227379455e-14
6.878747747747747781e+02 6.824009425119347250e-14
6.882530630630631094e+02 7.003761511631240739e-14
6.886313513513513271e+02 7.202253123685168516e-14
6.890096396396396585e+02 7.420159294190938012e-14
6.893879279279279899e+02 7.657450480658049355e-14
6.897662162162162076e+02 7.914879637061992759e-14
6.901445045045045390e+02 8.195010827905322163e-14
6.905227927927928704e+02 8.498211727663642824e-14
6.909010810810810881e+02 8.818505468779654721e-14
6.912793693693694195e+02 9.144162080761928375e-14
6.916576576576576372e+02 9.462454850165378372e-14
6.920359459459459686e+02 9.767403195158713461e-14
6.924142342342342999e+02 1.006410327673283390e-13
6.927925225225225176e+02 1.036335984134353534e-13
6.931708108108108490e+02 1.067374760904126687e-13
6.935490990990990667e+02 1.099800674131418760e-13
6.939273873873873981e+02 1.133167704754263780e-13
6.943056756756757295e+02 1.166380268613817190e-13
6.946839639639639472e+02 1.198086983438041275e-13
6.950622522522522786e+02 1.227213548596557085e-13
6.954405405405404963e+02 1.253341068383842171e-13
6.958188288288288277e+02 1.276708161790184441e-13
6.961971171171171591e+02 1.297853423424005834e-13
6.965754054054053768e+02 1.317175699159150399e-13
6.969536936936937082e+02 1.334794665966723364e-13
6.973319819819820395e+02 1.350832123759262176e-13
6.977102702702702572e+02 1.365768749956258212e-13
6.980885585585585886e+02 1.380523254488725650e-13
6.984668468468469200e+02 1.396226257312196245e-13
6.988451351351351377e+02 1.413870848656662824e-13
6.992234234234234691e+02 1.434104652214542362e-13
6.996017117117116868e+02 1.457300460011719876e-13
6.999800000000000182e+02 1.483764195038842742e-13
7.003582882882883496e+02 1.513775996030729706e-13
7.007365765765765673e+02 1.547388558698427055e-13
7.011148648648648987e+02 1.584234157871841710e-13
7.014931531531531164e+02 1.623507955245241166e-13
7.018714414414414478e+02 1.663966870018941747e-13
7.022497297297297791e+02 1.703597065618783426e-13
7.026280180180179968e+02 1.738984232260520517e-13
7.030063063063063282e+02 1.765101729982202390e-13
7.033845945945946596e+02 1.776078936666729971e-13
7.037628828828828773e+02 1.766511935550303813e-13
7.041411711711712087e+02 1.732605388230711419e-13
7.045194594594595401e+02 1.673184123372173838e-13
7.048977477477477578e+02 1.590818962814386630e-13
7.052760360360360892e+02 1.492556231823301645e-13
7.056543243243243069e+02 1.389147778006322021e-13
7.060326126126126383e+02 1.292465376493071104e-13
7.064109009009009696e+02 1.211924167141681275e-13
7.067891891891891873e+02 1.151281448522629220e-13
7.071674774774775187e+02 1.108136505869431426e-13
7.075457657657657364e+02 1.076853498675874480e-13
7.079240540540540678e+02 1.051975754786734865e-13
7.083023423423423992e+02 1.029979918039248591e-13
7.086806306306306169e+02 1.009802919857558860e-13
7.090589189189189483e+02 9.923187441070933638e-14
7.094372072072071660e+02 9.788668698485582385e-14
7.098154954954954974e+02 9.698164021613909250e-14
7.101937837837838288e+02 9.639433565051062057e-14
7.105720720720720465e+02 9.586203911779743108e-14
7.109503603603603779e+02 9.506068568562446829e-14
7.113286486486487092e+02 9.372089974659773848e-14
7.117069369369369269e+02 9.172338321639045581e-14
7.120852252252252583e+02 8.913935220796034727e-14
7.124635135135135897e+02 8.622598863555884423e-14
7.128418018018018074e+02 8.335559858295781631e-14
7.132200900900901388e+02 8.088873587769750136e-14
7.135983783783783565e+02 7.907935684486343297e-14
7.139766666666666879e+02 7.805602965584495844e-14
7.143549549549550193e+02 7.783860126289037580e-14
7.147332432432432370e+02 7.835467267307914022e-14
7.151115315315315684e+02 7.946271700422740435e-14
7.154898198198197861e+02 8.099405281985832358e-14
7.158681081081081174e+02 8.280133761519915052e-14
7.162463963963964488e+02 8.478060269791639888e-14
7.166246846846846665e+02 8.685928168802181778e-14
7.170029729729729979e+02 8.898037287088633315e-14
7.173812612612613293e+02 9.109763061695642181e-14
7.177595495495495470e+02 9.317182613330138280e-14
7.181378378378378784e+02 9.516273347274058821e-14
7.185161261261262098e+02 9.702570746108594344e-14
7.188944144144144275e+02 9.872584209438757663e-14
7.192727027027027589e+02 1.002695479322597734e-13
7.196509909909909766e+02 1.017377983478183367e-13
7.200292792792793080e+02 1.032819243467357048e-13
7.204075675675676393e+02 1.050578186435679839e-13
7.207858558558558570e+02 1.071544037474652704e-13
7.211641441441441884e+02 1.095779254582215444e-13
7.215424324324324061e+02 1.122780103552552485e-13
7.219207207207207375e+02 1.151874808375983589e-13
7.222990090090090689e+02 1.182589281729081465e-13
7.226772972972972866e+02 1.214754256370246820e-13
7.230555855855856180e+02 1.248419624644739439e-13
7.234338738738738357e+02 1.283755317182284024e-13
7.238121621621621671e+02 1.320913577942320987e-13
7.241904504504504985e+02 1.359872267850289509e-13
7.245687387387387162e+02 1.400328256124456313e-13
7.249470270270270476e+02 1.441653386891260408e-13
7.253253153153153789e+02 1.482966385336799233e-13
7.257036036036035966e+02 1.523362834673885542e-13
7.260818918918919280e+02 1.562203956067851698e-13
7.264601801801802594e+02 1.599379429155878150e-13
7.268384684684684771e+02 1.635546295947804109e-13
7.272167567567568085e+02 1.672189702401301577e-13
7.275950450450450262e+02 1.711304008714636060e-13
7.279733333333333576e+02 1.754653953299761100e-13
7.283516216216216890e+02 1.802923573869200734e-13
7.287299099099099067e+02 1.855510039286587751e-13
7.291081981981982381e+02 1.911114039079119930e-13
7.294864864864864558e+02 1.968286935510952317e-13
7.298647747747747871e+02 2.025635079026967682e-13
7.302430630630631185e+02 2.082074480252777877e-13
7.306213513513513362e+02 2.137104404163048730e-13
7.309996396396396676e+02 2.190763133782272119e-13
7.313779279279279990e+02 2.243164372159520500e-13
7.317562162162162167e+02 2.293882619945222179e-13
7.321345045045045481e+02 2.341623390146718264e-13
7.325127927927928795e+02 2.384768919533445586e-13
7.328910810810810972e+02 2.422773899323383843e-13
7.332693693693694286e+02 2.456719803099775782e-13
7.336476576576576463e+02 2.488244585042568913e-13
7.340259459459459777e+02 2.518666631521563925e-13
7.344042342342343090e+02 2.549057958945830868e-13
7.347825225225225267e+02 2.580102665848127231e-13
7.351608108108108581e+02 2.611765366969894538e-13
7.355390990990990758e+02 2.643530703794368393e-13
7.359173873873874072e+02 2.674854833137284582e-13
7.362956756756757386e+02 2.705302020207620727e-13
7.366739639639639563e+02 2.734520836802420498e-13
7.370522522522522877e+02 2.762159480102245520e-13
7.374305405405405054e+02 2.787779821439445443e-13
7.378088288288288368e+02 2.811026622808753482e-13
7.381871171171171682e+02 2.831882962052422021e-13
7.385654054054053859e+02 2.850734873871851255e-13
7.389436936936937173e+02 2.868374555840520181e-13
7.393219819819820486e+02 2.885853850870109558e-13
7.397002702702702663e+02 2.904044807680446766e-13
7.400785585585585977e+02 2.923297933860722964e-13
7.404568468468469291e+02 2.943374810444671212e-13
7.408351351351351468e+02 2.963455243303855671e-13
7.412134234234234782e+02 2.982455442319129498e-13
7.415917117117116959e+02 2.999804158591330965e-13
7.419700000000000273e+02 3.015823498039695613e-13
7.423482882882883587e+02 3.031070215112480883e-13
7.427265765765765764e+02 3.045760668997911968e-13
7.431048648648649078e+02 3.060063446482653715e-13
7.434831531531531255e+02 3.074091210777363228e-13
7.438614414414414568e+02 3.087465630743885395e-13
7.442397297297297882e+02 3.099634440774533019e-13
7.446180180180180059e+02 3.110458094539693706e-13
7.449963063063063373e+02 3.120071642466629272e-13
7.453745945945945550e+02 3.128492162867458798e-13
7.457528828828828864e+02 3.135649433554123357e-13
7.461311711711712178e+02 3.141833208280015714e-13
7.465094594594595492e+02 3.148049729586315673e-13
7.468877477477477669e+02 3.155761783304818518e-13
7.472660360360360983e+02 3.166244381528633095e-13
7.476443243243243160e+02 3.180025950335004125e-13
7.480226126126126474e+02 3.196823404195783434e-13
7.484009009009009787e+02 3.216234008985521434e-13
7.487791891891891964e+02 3.238347562388115175e-13
7.491574774774775278e+02 3.263466603906334072e-13
7.495357657657657455e+02 3.291423261491300488e-13
7.499140540540540769e+02 3.321327508968231128e-13
7.502923423423424083e+02 3.352097518527103407e-13
7.506706306306306260e+02 3.383225329030432225e-13
7.510489189189189574e+02 3.414919681900120715e-13
7.514272072072071751e+02 3.447635628664780929e-13
7.518054954954955065e+02 3.481674468256885044e-13
7.521837837837838379e+02 3.517208912497294187e-13
7.525620720720721692e+02 3.554271190781031124e-13
7.529403603603603869e+02 3.592404675612304487e-13
7.533186486486487183e+02 3.630490996579825650e-13
7.536969369369369360e+02 3.666861710932300956e-13
7.540752252252252674e+02 3.699412666996311682e-13
7.544535135135135988e+02 3.725918286269005970e-13
7.548318018018018165e+02 3.744314087511289181e-13
7.552100900900901479e+02 3.752530420728949245e-13
7.555883783783783656e+02 3.748269718036448660e-13
7.559666666666666970e+02 3.728883416897463804e-13
7.563449549549550284e+02 3.691105998290081989e-13
7.567232432432432461e+02 3.630862769950223037e-13
7.571015315315315775e+02 3.543538520671152133e-13
7.574798198198197952e+02 3.424904025839237818e-13
7.578581081081081265e+02 3.272663444827068705e-13
7.582363963963964579e+02 3.088478303436193700e-13
7.586146846846846756e+02 2.879921831920838285e-13
7.589929729729730070e+02 2.660774710672397726e-13
7.593712612612612247e+02 2.448536815311060183e-13
7.597495495495495561e+02 2.260272770297472520e-13
7.601278378378378875e+02 2.108637032442956499e-13
7.605061261261262189e+02 1.999014077894066625e-13
7.608844144144144366e+02 1.928454299196890207e-13
7.612627027027027680e+02 1.887048244310874517e-13
7.616409909909909857e+02 1.861787368877620713e-13
7.620192792792793171e+02 1.841902650765698608e-13
7.623975675675676484e+02 1.822805187365996169e-13
7.627758558558558661e+02 1.805792220547579532e-13
7.631541441441441975e+02 1.794598735633589859e-13
7.635324324324324152e+02 1.792312496921130658e-13
7.639107207207207466e+02 1.799745423194276451e-13
7.642890090090090780e+02 1.814578259903709658e-13
7.646672972972972957e+02 1.832012170894043642e-13
7.650455855855856271e+02 1.847150237091905867e-13
7.654238738738738448e+02 1.857295335198645965e-13
7.658021621621621762e+02 1.863134023598352256e-13
7.661804504504505076e+02 1.868548886637696891e-13
7.665587387387388389e+02 1.878326120971514669e-13
7.669370270270270566e+02 1.894962608419915250e-13
7.673153153153153880e+02 1.917467922208229810e-13
7.676936036036036057e+02 1.942700755034239000e-13
7.680718918918919371e+02 1.967297241020437499e-13
7.684501801801802685e+02 1.988966187899611768e-13
7.688284684684684862e+02 2.007392787635860564e-13
7.692067567567568176e+02 2.024895248862916019e-13
7.695850450450450353e+02 2.046044229230724294e-13
7.699633333333333667e+02 2.075583727976173031e-13
7.703416216216216981e+02 2.115935057011108998e-13
7.707199099099099158e+02 2.166498306759891557e-13
7.710981981981982472e+02 2.224572203016459092e-13
7.714764864864864649e+02 2.286140015057453428e-13
7.718547747747747962e+02 2.346405873425754567e-13
7.722330630630631276e+02 2.400551025606156772e-13
7.726113513513513453e+02 2.444341143468887250e-13
7.729896396396396767e+02 2.474667517202808119e-13
7.733679279279278944e+02 2.490263603881866114e-13
7.737462162162162258e+02 2.492201766799256422e-13
7.741245045045045572e+02 2.483974329257764013e-13
7.745027927927928886e+02 2.471004111919650328e-13
7.748810810810811063e+02 2.459218272188750059e-13
7.752593693693694377e+02 2.453278662489116354e-13
7.756376576576576554e+02 2.455591018396222186e-13
7.760159459459459868e+02 2.466205148686609224e-13
7.763942342342343181e+02 2.483172257876633105e-13
7.767725225225225358e+02 2.503252594628840974e-13
7.771508108108108672e+02 2.523060647024698713e-13
7.775290990990990849e+02 2.540440067771282531e-13
7.779073873873874163e+02 2.555297639239651075e-13
7.782856756756757477e+02 2.569304821397419240e-13
7.786639639639639654e+02 2.584732865323194865e-13
7.790422522522522968e+02 2.603380710974045607e-13
7.794205405405405145e+02 2.626216390756735306e-13
7.797988288288288459e+02 2.653136646595514861e-13
7.801771171171171773e+02 2.682414567965916072e-13
7.805554054054055086e+02 2.710735242772964694e-13
7.809336936936937263e+02 2.734459817166333777e-13
7.813119819819820577e+02 2.751283507449843523e-13
7.816902702702702754e+02 2.761138855512284577e-13
7.820685585585586068e+02 2.766114391353530261e-13
7.824468468468469382e+02 2.769699971400135205e-13
7.828251351351351559e+02 2.775594177159256314e-13
7.832034234234234873e+02 2.786460597047777113e-13
7.835817117117117050e+02 2.803288598450972595e-13
7.839600000000000364e+02 2.825684525456501935e-13
7.843382882882883678e+02 2.852571690853572357e-13
7.847165765765765855e+02 2.882728070111424755e-13
7.850948648648649169e+02 2.915075541071303003e-13
7.854731531531531346e+02 2.948705102566812085e-13
7.858514414414414659e+02 2.983034282456939626e-13
7.862297297297297973e+02 3.018117989842316311e-13
7.866080180180180150e+02 3.054248298894370183e-13
7.869863063063063464e+02 3.091060351535211127e-13
7.873645945945945641e+02 3.127140390968189042e-13
7.877428828828828955e+02 3.160278574681719768e-13
7.881211711711712269e+02 3.188053406331058731e-13
7.884994594594595583e+02 3.208369280874490778e-13
7.888777477477477760e+02 3.219908698263124496e-13
7.892560360360361074e+02 3.222485893281640267e-13
7.896343243243243251e+02 3.217039127423778228e-13
7.900126126126126564e+02 3.205604247053972744e-13
7.903909009009009878e+02 3.191417338790703693e-13
7.907691891891892055e+02 3.178623228018376991e-13
7.911474774774775369e+02 3.171450280513784761e-13
7.915257657657657546e+02 3.173254803850836528e-13
7.919040540540540860e+02 3.185986049215882540e-13
7.922823423423424174e+02 3.210006274200490600e-13
7.926606306306306351e+02 3.243843548787695796e-13
7.930389189189189665e+02 3.284421164737965338e-13
7.934172072072071842e+02 3.328205349288202353e-13
7.937954954954955156e+02 3.372283508558254517e-13
7.941737837837838470e+02 3.414778255575782288e-13
7.945520720720721783e+02 3.454906679177890624e-13
7.949303603603603960e+02 3.492439719524919448e-13
7.953086486486487274e+02 3.527046258072523914e-13
7.956869369369369451e+02 3.558523587499506356e-13
7.960652252252252765e+02 3.587188971480867116e-13
7.964435135135136079e+02 3.613706160129779551e-13
7.968218018018018256e+02 3.638873169044960807e-13
7.972000900900901570e+02 3.663572869547472842e-13
7.975783783783783747e+02 3.688684955787088367e-13
7.979566666666667061e+02 3.714989078365419135e-13
7.983349549549550375e+02 3.743132378902280563e-13
7.987132432432432552e+02 3.773587892810188907e-13
7.990915315315315866e+02 3.806644803049210354e-13
7.994698198198198043e+02 3.842466134504868340e-13
7.998481081081081356e+02 3.880962591124945999e-13
8.002263963963964670e+02 3.921565896561949170e-13
8.006046846846846847e+02 3.963428402425840928e-13
8.009829729729730161e+02 4.006014832699828574e-13
8.013612612612612338e+02 4.049390523522740623e-13
8.017395495495495652e+02 4.094027713617980810e-13
8.021178378378378966e+02 4.140506376480088368e-13
8.024961261261262280e+02 4.189163010182394229e-13
8.028744144144144457e+02 4.239808358113562235e-13
8.032527027027027771e+02 4.291948787135830817e-13
8.036309909909909948e+02 4.345251122245776066e-13
8.040092792792793261e+02 4.399368317361775557e-13
8.043875675675676575e+02 4.453307961467111292e-13
8.047658558558558752e+02 4.505416220004341285e-13
8.051441441441442066e+02 4.554121120123810506e-13
8.055224324324324243e+02 4.598780641852172709e-13
8.059007207207207557e+02 4.639955268679435442e-13
8.062790090090090871e+02 4.678811928222620171e-13
8.066572972972973048e+02 4.716323947903024546e-13
8.070355855855856362e+02 4.752931542102930633e-13
8.074138738738738539e+02 4.788541340273228093e-13
8.077921621621621853e+02 4.822836231035434601e-13
8.081704504504505167e+02 4.855879121549380132e-13
8.085487387387388480e+02 4.888355052228547308e-13
8.089270270270270657e+02 4.921002221087197409e-13
8.093053153153153971e+02 4.953913724941436351e-13
8.096836036036036148e+02 4.986699568137441959e-13
8.100618918918919462e+02 5.019139478843416822e-13
8.104401801801802776e+02 5.051118205432724313e-13
8.108184684684684953e+02 5.082092227292383321e-13
8.111967567567568267e+02 5.111119568489697902e-13
8.115750450450450444e+02 5.137025919489322601e-13
8.119533333333333758e+02 5.158104877388625171e-13
8.123316216216217072e+02 5.172154003951822677e-13
8.127099099099099249e+02 5.177283244810071721e-13
8.130881981981982563e+02 5.172511527931453785e-13
8.134664864864864740e+02 5.157548244995762847e-13
8.138447747747748053e+02 5.132507187237212333e-13
8.142230630630631367e+02 5.097918979450890618e-13
8.146013513513513544e+02 5.054447933037562096e-13
8.149796396396396858e+02 5.002421394512169993e-13
8.153579279279279035e+02 4.941866822204755579e-13
8.157362162162162349e+02 4.872924711882056798e-13
8.161145045045045663e+02 4.795895326375753950e-13
8.164927927927928977e+02 4.711099397111205851e-13
8.168710810810811154e+02 4.619786035848126761e-13
8.172493693693694468e+02 4.526143763886904702e-13
8.176276576576576645e+02 4.438463589714304140e-13
8.180059459459459958e+02 4.367574820215482320e-13
8.183842342342343272e+02 4.323249788606645339e-13
8.187625225225225449e+02 4.311887578290306303e-13
8.191408108108108763e+02 4.336453808986831910e-13
8.195190990990990940e+02 4.395549217574551247e-13
8.198973873873874254e+02 4.481744041757234115e-13
8.202756756756757568e+02 4.583091045596589244e-13
8.206539639639639745e+02 4.687403524856662095e-13
8.210322522522523059e+02 4.785605135493178108e-13
8.214105405405405236e+02 4.872753649502273853e-13
8.217888288288288550e+02 4.947533279859773033e-13
8.221671171171171864e+02 5.011370124836047343e-13
8.225454054054055177e+02 5.067339341220281878e-13
8.229236936936937354e+02 5.118284565809371397e-13
8.233019819819820668e+02 5.165039247846098368e-13
8.236802702702702845e+02 5.206322893136310370e-13
8.240585585585586159e+02 5.239841285156301018e-13
8.244368468468469473e+02 5.263378984836213831e-13
8.248151351351351650e+02 5.275542954556967724e-13
8.251934234234234964e+02 5.275865879180185556e-13
8.255717117117117141e+02 5.264252460177647131e-13
8.259500000000000455e+02 5.240459180184329040e-13
8.263282882882883769e+02 5.204454912574513616e-13
8.267065765765765946e+02 5.157520176269019379e-13
8.270848648648649259e+02 5.102666311721287807e-13
8.274631531531531436e+02 5.043921017730789450e-13
8.278414414414414750e+02 4.985691471762935480e-13
8.282197297297298064e+02 4.932568389022085162e-13
8.285980180180180241e+02 4.888850250622499917e-13
8.289763063063063555e+02 4.857780379722931233e-13
8.293545945945945732e+02 4.841013678165952500e-13
8.297328828828829046e+02 4.838534870177047273e-13
8.301111711711712360e+02 4.848931196133213470e-13
8.304894594594595674e+02 4.869707893852455339e-13
8.308677477477477851e+02 4.897530471676915289e-13
8.312460360360361165e+02 4.928714937502318904e-13
8.316243243243243342e+02 4.959948385959704439e-13
8.320026126126126655e+02 4.988806606777912568e-13
8.323809009009009969e+02 5.013968666641910549e-13
8.327591891891892146e+02 5.034890899441170511e-13
8.331374774774775460e+02 5.050994698335135394e-13
8.335157657657657637e+02 5.061363867317396855e-13
8.338940540540540951e+02 5.065414164034780212e-13
8.342723423423424265e+02 5.063771597194659821e-13
8.346506306306306442e+02 5.058043387998802087e-13
8.350289189189189756e+02 5.049392013896121441e-13
8.354072072072071933e+02 5.037665165194484012e-13
8.357854954954955247e+02 5.022098843681446312e-13
8.361637837837838561e+02 5.002691666832132794e-13
8.365420720720721874e+02 4.980911173583833167e-13
8.369203603603604051e+02 4.959607267099035493e-13
8.372986486486487365e+02 4.942643080418738608e-13
8.376769369369369542e+02 4.934003091128582393e-13
8.380552252252252856e+02 4.936450018058552985e-13
8.384335135135136170e+02 4.950385221639975734e-13
8.388118018018018347e+02 4.973316762980993415e-13
8.391900900900901661e+02 5.000274165318275067e-13
8.395683783783783838e+02 5.024968944105156883e-13
8.399466666666667152e+02 5.041042500632154733e-13
8.403249549549550466e+02 5.043155364745530850e-13
8.407032432432432643e+02 5.027768636955538768e-13
8.410815315315315956e+02 4.993313063067583030e-13
8.414598198198198133e+02 4.939938561175786056e-13
8.418381081081081447e+02 4.869496218729627890e-13
8.422163963963964761e+02 4.785716771382183707e-13
8.425946846846846938e+02 4.694057217829292749e-13
8.429729729729730252e+02 4.601007833831857845e-13
8.433512612612612429e+02 4.512343725601135401e-13
8.437295495495495743e+02 4.431093252382553615e-13
8.441078378378379057e+02 4.357877998395591682e-13
8.444861261261262371e+02 4.293405998666628264e-13
8.448644144144144548e+02 4.239782085750306237e-13
8.452427027027027862e+02 4.199374256218583738e-13
8.456209909909910039e+02 4.173050486825786463e-13
8.459992792792793352e+02 4.159940621284906899e-13
8.463775675675676666e+02 4.158520809598011001e-13
8.467558558558558843e+02 4.166887237731467945e-13
8.471341441441442157e+02 4.181986105886861359e-13
8.475124324324324334e+02 4.199785943357443327e-13
8.478907207207207648e+02 4.216576500504700324e-13
8.482690090090090962e+02 4.229829962104929008e-13
8.486472972972973139e+02 4.238538996608073661e-13
8.490255855855856453e+02 4.243533286676442213e-13
8.494038738738738630e+02 4.247120231043223844e-13
8.497821621621621944e+02 4.251888121612573211e-13
8.501604504504505258e+02 4.259801967839687140e-13
8.505387387387388571e+02 4.272198439228283746e-13
8.509170270270270748e+02 4.290075120477410039e-13
8.512953153153152925e+02 4.313931736673880091e-13
8.516736036036036239e+02 4.343262303726069631e-13
8.520518918918919553e+02 4.376679655868592987e-13
8.524301801801802867e+02 4.412931571259129155e-13
8.528084684684685044e+02 4.451626244614899158e-13
8.531867567567568358e+02 4.492940623503139533e-13
8.535650450450450535e+02 4.537053823632139046e-13
8.539433333333333849e+02 4.583923894246087584e-13
8.543216216216217163e+02 4.632928638594043650e-13
8.546999099099099340e+02 4.682402716267178693e-13
8.550781981981982653e+02 4.729957375915517556e-13
8.554564864864864830e+02 4.773522416954618438e-13
8.558347747747748144e+02 4.812079270350291372e-13
8.562130630630631458e+02 4.845601079889867575e-13
8.565913513513513635e+02 4.874829219917297341e-13
8.569696396396396949e+02 4.901168252569122014e-13
8.573479279279279126e+02 4.926149315714632447e-13
8.577262162162162440e+02 4.950854536852037929e-13
8.581045045045045754e+02 4.975837488127642166e-13
8.584827927927929068e+02 5.000872254379456420e-13
8.588610810810811245e+02 5.024609613135540184e-13
8.592393693693694559e+02 5.045133458491931996e-13
8.596176576576576736e+02 5.061102395998437132e-13
8.599959459459460049e+02 5.072345844931196864e-13
8.603742342342343363e+02 5.079779639194159379e-13
8.607525225225225540e+02 5.085148238199430270e-13
8.611308108108108854e+02 5.090634460061969398e-13
8.615090990990991031e+02 5.098216554661888037e-13
8.618873873873874345e+02 5.108914122250112821e-13
8.622656756756757659e+02 5.122265103646459065e-13
8.626439639639639836e+02 5.136701874707843065e-13
8.630222522522523150e+02 5.150610747194051730e-13
8.634005405405405327e+02 5.162834107752113415e-13
8.637788288288288641e+02 5.172459112735016883e-13
8.641571171171171954e+02 5.178784931364200494e-13
8.645354054054055268e+02 5.181735212072221158e-13
8.649136936936937445e+02 5.182163938769698264e-13
8.652919819819819622e+02 5.181826909746824831e-13
8.656702702702702936e+02 5.183059258804618786e-13
8.660485585585586250e+02 5.187782388850412638e-13
8.664268468468469564e+02 5.196122568989478628e-13
8.668051351351351741e+02 5.205944478838413177e-13
8.671834234234235055e+02 5.214057760440746810e-13
8.675617117117117232e+02 5.218274308838872965e-13
8.679400000000000546e+02 5.218727437853162757e-13
8.683182882882883860e+02 5.217608872861643177e-13
8.686965765765766037e+02 5.217860275755204086e-13
8.690748648648649350e+02 5.221955829440722662e-13
8.694531531531531527e+02 5.231217316073198974e-13
8.698314414414414841e+02 5.245611830556311867e-13
8.702097297297298155e+02 5.264076236595068823e-13
8.705880180180180332e+02 5.285294811072866805e-13
8.709663063063063646e+02 5.308394495544232631e-13
8.713445945945945823e+02 5.332834863265748504e-13
8.717228828828829137e+02 5.357811286281518028e-13
8.721011711711712451e+02 5.382021976133333417e-13
8.724794594594595765e+02 5.404080135563970660e-13
8.728577477477477942e+02 5.423457872814006585e-13
8.732360360360360119e+02 5.440772281529311341e-13
8.736143243243243433e+02 5.456704285963082482e-13
8.739926126126126746e+02 5.471484208942542396e-13
8.743709009009010060e+02 5.485876888977979769e-13
8.747491891891892237e+02 5.501657299603344744e-13
8.751274774774775551e+02 5.520925146041062102e-13
8.755057657657657728e+02 5.545543737048162034e-13
8.758840540540541042e+02 5.576955241019960645e-13
8.762623423423424356e+02 5.615803854766424476e-13
8.766406306306307670e+02 5.661348369394069131e-13
8.770189189189189847e+02 5.711538433016456334e-13
8.773972072072072024e+02 5.763858996076281959e-13
8.777754954954955338e+02 5.815663536760776094e-13
8.781537837837838651e+02 5.864053489994067720e-13
8.785320720720721965e+02 5.906203791875913255e-13
8.789103603603604142e+02 5.940040022933977092e-13
8.792886486486486319e+02 5.965219042977873704e-13
8.796669369369369633e+02 5.983740994709787677e-13
8.800452252252252947e+02 5.998924845314136761e-13
8.804235135135136261e+02 6.013312635480934176e-13
8.808018018018018438e+02 6.027448452856652335e-13
8.811800900900900615e+02 6.040502892516600615e-13
8.815583783783783929e+02 6.051938248036867316e-13
8.819366666666667243e+02 6.062598477071950881e-13
8.823149549549550557e+02 6.073929676557442520e-13
8.826932432432432734e+02 6.085506125652419696e-13
8.830715315315316047e+02 6.093702048946030482e-13
8.834498198198198224e+02 6.093547488776296452e-13
8.838281081081081538e+02 6.081157806921336489e-13
8.842063963963964852e+02 6.054181645504162603e-13
8.845846846846848166e+02 6.011466061966551082e-13
8.849629729729730343e+02 5.953364524666459589e-13
8.853412612612612520e+02 5.882623703464069983e-13
8.857195495495495834e+02 5.804839466826534696e-13
8.860978378378379148e+02 5.727424160881858244e-13
8.864761261261262462e+02 5.657690833532029320e-13
8.868544144144144639e+02 5.601292780355748738e-13
8.872327027027026816e+02 5.561314285427436684e-13
8.876109909909910129e+02 5.538303403214041857e-13
8.879892792792793443e+02 5.531435022596722516e-13
8.883675675675676757e+02 5.539681797457633435e-13
8.887458558558558934e+02 5.562010802243297770e-13
8.891241441441442248e+02 5.596972201709764744e-13
8.895024324324324425e+02 5.641966754360484399e-13
8.898807207207207739e+02 5.692663115837507042e-13
8.902590090090091053e+02 5.743583252989518083e-13
8.906372972972974367e+02 5.789692979895079414e-13
8.910155855855856544e+02 5.827767001137616489e-13
8.913938738738738721e+02 5.856581100957285360e-13
8.917721621621622035e+02 5.875880588706019979e-13
8.921504504504505348e+02 5.885208003529151723e-13
8.925287387387388662e+02 5.883819952093155333e-13
8.929070270270270839e+02 5.871642219639804888e-13
8.932853153153153016e+02 5.850231082567110260e-13
8.936636036036036330e+02 5.822815034429521707e-13
8.940418918918919644e+02 5.793132239104945114e-13
8.944201801801802958e+02 5.764164615310007852e-13
8.947984684684685135e+02 5.738119510169725900e-13
8.951767567567567312e+02 5.717146041034940054e-13
8.955550450450450626e+02 5.703626937033029131e-13
8.959333333333333940e+02 5.699548616318533380e-13
8.963116216216217254e+02 5.705171877553473518e-13
8.966899099099099431e+02 5.718558646020086973e-13
8.970681981981982744e+02 5.736817887493809451e-13
8.974464864864864921e+02 5.757677317777804919e-13
8.978247747747748235e+02 5.780379492793627714e-13
8.982030630630631549e+02 5.806342012547134579e-13
8.985813513513514863e+02 5.839085121919895575e-13
8.989596396396397040e+02 5.882143157142932404e-13
8.993379279279279217e+02 5.936496140884322225e-13
8.997162162162162531e+02 6.000408820889184990e-13
9.000945045045045845e+02 6.070665084175817202e-13
9.004727927927929159e+02 6.142776177485047275e-13
9.008510810810811336e+02 6.210659364238917167e-13
9.012293693693693513e+02 6.267369689083049010e-13
9.016076576576576826e+02 6.307853724015344228e-13
9.019859459459460140e+02 6.332214992864316746e-13
9.023642342342343454e+02 6.345134148038478924e-13
9.027425225225225631e+02 6.351269369267412072e-13
9.031208108108108945e+02 6.352311174437809900e-13
9.034990990990991122e+02 6.348106517295771760e-13
9.038773873873874436e+02 6.338448014508902408e-13
9.042556756756757750e+02 6.323119528447733575e-13
9.046339639639641064e+02 6.301879195649657376e-13
9.050122522522523241e+02 6.275725864624023908e-13
9.053905405405405418e+02 6.247603536693506353e-13
9.057688288288288732e+02 6.221405938884993898e-13
9.061471171171172045e+02 6.200898554653703721e-13
9.065254054054055359e+02 6.189397529560301290e-13
9.069036936936937536e+02 6.188990017974977484e-13
9.072819819819819713e+02 6.199361259714409988e-13
9.076602702702703027e+02 6.218052931514711752e-13
9.080385585585586341e+02 6.242336102438236031e-13
9.084168468468469655e+02 6.270617410321429534e-13
9.087951351351351832e+02 6.301880808617641797e-13
9.091734234234234009e+02 6.334408351173008472e-13
9.095517117117117323e+02 6.365862148674702297e-13
9.099300000000000637e+02 6.394437483821529560e-13
9.103082882882883951e+02 6.419231736562267886e-13
9.106865765765766128e+02 6.439473499226796988e-13
9.110648648648649441e+02 6.454402870529879303e-13
9.114431531531531618e+02 6.464306580202496917e-13
9.118214414414414932e+02 6.470433302365091138e-13
9.121997297297298246e+02 6.473724797591562016e-13
9.125780180180181560e+02 6.474902505739350509e-13
9.129563063063063737e+02 6.475491175921790787e-13
9.133345945945945914e+02 6.477680476193235693e-13
9.137128828828829228e+02 6.483090789538102999e-13
9.140911711711712542e+02 6.492001208343494059e-13
9.144694594594595856e+02 6.504166581051124240e-13
9.148477477477478033e+02 6.520064434105951653e-13
9.152260360360360210e+02 6.540454908107451100e-13
9.156043243243243523e+02 6.564829496140298039e-13
9.159826126126126837e+02 6.591470099111064014e-13
9.163609009009010151e+02 6.619612057313040661e-13
9.167391891891892328e+02 6.650946102876597945e-13
9.171174774774775642e+02 6.688755318101157982e-13
9.174957657657657819e+02 6.735631553068722471e-13
9.178740540540541133e+02 6.791477268436916677e-13
9.182523423423424447e+02 6.853221098987878466e-13
9.186306306306307761e+02 6.915925450501803378e-13
9.190089189189189938e+02 6.973807992570626240e-13
9.193872072072072115e+02 7.020396174877627623e-13
9.197654954954955429e+02 7.049032894665331852e-13
9.201437837837838742e+02 7.055765964845897976e-13
9.205220720720722056e+02 7.041923299956352121e-13
9.209003603603604233e+02 7.012396006657365252e-13
9.212786486486486410e+02 6.972250438784087993e-13
9.216569369369369724e+02 6.925423100385725428e-13
9.220352252252253038e+02 6.875082249021429291e-13
9.224135135135136352e+02 6.824473065934253016e-13
9.227918018018018529e+02 6.777384507255740273e-13
9.231700900900900706e+02 6.737476944712075007e-13
9.235483783783784020e+02 6.707217140027680314e-13
9.239266666666667334e+02 6.687541173219444728e-13
9.243049549549550647e+02 6.677950775036872220e-13
9.246832432432432824e+02 6.676596021484282440e-13
9.250615315315316138e+02 6.680434844936435098e-13
9.254398198198198315e+02 6.685362666357333858e-13
9.258181081081081629e+02 6.686209314207373333e-13
9.261963963963964943e+02 6.676882202163252975e-13
9.265746846846848257e+02 6.651429201863381451e-13
9.269529729729730434e+02 6.605962491578990247e-13
9.273312612612612611e+02 6.539804523052428743e-13
9.277095495495495925e+02 6.454870115607328815e-13
9.280878378378379239e+02 6.354096333518753320e-13
9.284661261261262553e+02 6.240210213377281025e-13
9.288444144144144730e+02 6.115262356144702375e-13
9.292227027027026907e+02 5.980661615036352051e-13
9.296009909909910220e+02 5.837848847328690644e-13
9.299792792792793534e+02 5.689539294110657820e-13
9.303575675675676848e+02 5.540450213446079956e-13
9.307358558558559025e+02 5.396776854873019086e-13
9.311141441441442339e+02 5.264728028317824259e-13
9.314924324324324516e+02 5.148644396561565569e-13
9.318707207207207830e+02 5.049775155522136745e-13
9.322490090090091144e+02 4.966736924992639931e-13
9.326272972972974458e+02 4.897114412428410753e-13
9.330055855855856635e+02 4.839389911560986014e-13
9.333838738738738812e+02 4.793977898071833243e-13
9.337621621621622126e+02 4.762092616832741808e-13
9.341404504504505439e+02 4.743946799786510022e-13
9.345187387387388753e+02 4.738572598395299661e-13
9.348970270270270930e+02 4.745751771270737657e-13
9.352753153153153107e+02 4.767529232101512307e-13
9.356536036036036421e+02 4.806152265319271813e-13
9.360318918918919735e+02 4.861792831546446956e-13
9.364101801801803049e+02 4.934400887976164788e-13
9.367884684684685226e+02 5.025894837764023359e-13
9.371667567567567403e+02 5.138566013886972573e-13
9.375450450450450717e+02 5.271554767447690373e-13
9.379233333333334031e+02 5.418375132958491469e-13
9.383016216216217344e+02 5.567118519803278563e-13
9.386799099099099521e+02 5.703110365752643934e-13
9.390581981981982835e+02 5.812632423562869438e-13
9.394364864864865012e+02 5.886705028768290974e-13
9.398147747747748326e+02 5.922629329168873957e-13
9.401930630630631640e+02 5.922003601159514225e-13
9.405713513513514954e+02 5.887825412907045908e-13
9.409496396396397131e+02 5.823108905149984877e-13
9.413279279279279308e+02 5.731160991661168777e-13
9.417062162162162622e+02 5.617254756261625805e-13
9.420845045045045936e+02 5.490757618802101837e-13
9.424627927927929250e+02 5.365340684140305402e-13
9.428410810810811427e+02 5.256579230808935387e-13
9.432193693693693604e+02 5.178728880171005139e-13
9.435976576576576917e+02 5.140688586829821309e-13
9.439759459459460231e+02 5.141987443313547442e-13
9.443542342342343545e+02 5.172754380720625260e-13
9.447325225225225722e+02 5.218951725535883666e-13
9.451108108108109036e+02 5.269772321006576778e-13
9.454890990990991213e+02 5.321523823662948483e-13
9.458673873873874527e+02 5.375038168926440532e-13
9.462456756756757841e+02 5.431487734635698327e-13
9.466239639639641155e+02 5.491598947878654875e-13
9.470022522522523332e+02 5.556267342682551888e-13
9.473805405405405509e+02 5.626623863044525079e-13
9.477588288288288823e+02 5.704125443785816805e-13
9.481371171171172136e+02 5.788913653069943423e-13
9.485154054054055450e+02 5.878247420203165943e-13
9.488936936936937627e+02 5.969445392896745973e-13
9.492719819819819804e+02 6.062854065203517535e-13
9.496502702702703118e+02 6.159130944718149647e-13
9.500285585585586432e+02 6.254772759038169159e-13
9.504068468468469746e+02 6.341833650525397757e-13
9.507851351351351923e+02 6.412602241030528466e-13
9.511634234234234100e+02 6.465670913596139092e-13
9.515417117117117414e+02 6.507306939713157389e-13
9.519200000000000728e+02 6.545275356277144793e-13
9.522982882882884041e+02 6.581839251474138163e-13
9.526765765765766218e+02 6.613802800474829693e-13
9.530548648648649532e+02 6.636859365210615827e-13
9.534331531531531709e+02 6.648303604277313297e-13
9.538114414414415023e+02 6.647694504089608305e-13
9.541897297297298337e+02 6.636531713062131804e-13
9.545680180180181651e+02 6.617640836732121069e-13
9.549463063063063828e+02 6.594776533748605380e-13
9.553245945945946005e+02 6.571376473952750167e-13
9.557028828828829319e+02 6.549157273821092717e-13
9.560811711711712633e+02 6.529213345763511007e-13
9.564594594594595947e+02 6.513544302314658946e-13
9.568377477477478124e+02 6.503474710106604848e-13
9.572160360360360301e+02 6.498296492320680857e-13
9.575943243243243614e+02 6.497305333048664902e-13
9.579726126126126928e+02 6.501905786463192818e-13
9.583509009009010242e+02 6.515519837333576750e-13
9.587291891891892419e+02 6.542424566155108890e-13
9.591074774774775733e+02 6.585691969973860071e-13
9.594857657657657910e+02 6.644853900733534249e-13
9.598640540540541224e+02 6.715875022759295363e-13
9.602423423423424538e+02 6.793637476501811102e-13
9.606206306306307852e+02 6.873308879286200810e-13
9.609989189189190029e+02 6.950117822763381810e-13
9.613772072072072206e+02 7.020950507669514003e-13
9.617554954954955519e+02 7.086130499176634096e-13
9.621337837837838833e+02 7.147066810480170687e-13
9.625120720720722147e+02 7.202430159830712529e-13
9.628903603603604324e+02 7.248623171689824209e-13
9.632686486486486501e+02 7.283581326277612674e-13
9.636469369369369815e+02 7.308551565743898114e-13
9.640252252252253129e+02 7.326346247873333220e-13
9.644035135135136443e+02 7.338674812642198347e-13
9.647818018018018620e+02 7.345429510248227626e-13
9.651600900900900797e+02 7.346279815455261438e-13
9.655383783783784111e+02 7.342572799778660811e-13
9.659166666666667425e+02 7.338394446201900798e-13
9.662949549549550738e+02 7.340044161263975952e-13
9.666732432432432915e+02 7.353283955672295129e-13
9.670515315315316229e+02 7.380240361471172577e-13
9.674298198198198406e+02 7.418293684728631117e-13
9.678081081081081720e+02 7.461637081480077613e-13
9.681863963963965034e+02 7.504382225846562054e-13
9.685646846846848348e+02 7.542662376071229438e-13
9.689429729729730525e+02 7.574926229029096756e-13
9.693212612612612702e+02 7.601299338896157034e-13
9.696995495495496016e+02 7.622540363531653923e-13
9.700778378378379330e+02 7.639368145820015374e-13
9.704561261261262644e+02 7.652095601208442579e-13
9.708344144144144821e+02 7.659423799962823991e-13
9.712127027027026998e+02 7.657589808490792069e-13
9.715909909909910311e+02 7.642040613354581747e-13
9.719692792792793625e+02 7.610389509042298372e-13
9.723475675675676939e+02 7.564235949931450004e-13
9.727258558558559116e+02 7.509138432470088327e-13
9.731041441441442430e+02 7.452916031951724864e-13
9.734824324324324607e+02 7.402893195052428387e-13
9.738607207207207921e+02 7.363559228161422844e-13
9.742390090090091235e+02 7.336336530729909822e-13
9.746172972972974549e+02 7.321001927002919410e-13
9.749955855855856726e+02 7.316619489145501634e-13
9.753738738738738903e+02 7.321094250273422662e-13
9.757521621621622216e+02 7.330152970571754752e-13
9.761304504504505530e+02 7.337234279230891581e-13
9.765087387387388844e+02 7.334987190381374634e-13
9.768870270270271021e+02 7.316957146513882776e-13
9.772653153153153198e+02 7.278239848936557751e-13
9.776436036036036512e+02 7.216260135605615103e-13
9.780218918918919826e+02 7.132012265846556385e-13
9.784001801801803140e+02 7.030542384627237694e-13
9.787784684684685317e+02 6.920372948691047883e-13
9.791567567567567494e+02 6.810740441110788340e-13
9.795350450450450808e+02 6.706729191120384127e-13
9.799133333333334122e+02 6.607062892035701881e-13
9.802916216216217435e+02 6.507428373960360936e-13
9.806699099099099612e+02 6.406606992958315233e-13
9.810481981981982926e+02 6.311127527009126160e-13
9.814264864864865103e+02 6.233009077130908524e-13
9.818047747747748417e+02 6.179277833212340055e-13
9.821830630630631731e+02 6.144417633080732278e-13
9.825613513513515045e+02 6.114857458884350737e-13
9.829396396396397222e+02 6.077639311761851111e-13
9.833179279279279399e+02 6.024567590295352540e-13
9.836962162162162713e+02 5.952673059670628382e-13
9.840745045045046027e+02 5.862695765232515249e-13
9.844527927927929341e+02 5.757291273230514385e-13
9.848310810810811518e+02 5.641189760949528077e-13
9.852093693693693695e+02 5.522976464312028935e-13
9.855876576576577008e+02 5.417687707375435768e-13
9.859659459459460322e+02 5.347443839999076286e-13
9.863442342342343636e+02 5.332937420910977460e-13
9.867225225225225813e+02 5.378789584821357046e-13
9.871008108108109127e+02 5.470907203587079187e-13
9.874790990990991304e+02 5.589829468329706944e-13
9.878573873873874618e+02 5.722056051853064000e-13
9.882356756756757932e+02 5.859395677771046147e-13
9.886139639639641246e+02 5.993922553537597255e-13
9.889922522522523423e+02 6.116651733953860343e-13
9.893705405405405600e+02 6.218765993595949199e-13
9.897488288288288913e+02 6.292287844764991009e-13
9.901271171171172227e+02 6.331494977185949733e-13
9.905054054054055541e+02 6.335401444052434953e-13
9.908836936936937718e+02 6.308487429728126859e-13
9.912619819819819895e+02 6.257587182880341872e-13
9.916402702702703209e+02 6.187061521957889983e-13
9.920185585585586523e+02 6.097671996038163678e-13
9.923968468468469837e+02 5.989326074483687678e-13
9.927751351351352014e+02 5.862908956965836073e-13
9.931534234234234191e+02 5.721058650800649933e-13
9.935317117117117505e+02 5.569221599440830437e-13
9.939100000000000819e+02 5.415187655214861952e-13
