6.160000000000000000e+02 7.047532800000000163e-14
6.161899999999999409e+02 5.834807862299998828e-14
6.163799999999999955e+02 6.028282693199999944e-14
6.165699999999999363e+02 4.143257914499999547e-14
6.167599999999999909e+02 4.653145820000000090e-14
6.169500000000000455e+02 5.015285261999999405e-14
6.171399999999999864e+02 4.439415104200000022e-14
6.173300000000000409e+02 4.549308488900000399e-14
6.175199999999999818e+02 3.433479127199999680e-14
6.177100000000000364e+02 3.605276769200000253e-14
6.178999999999999773e+02 7.137548270000000339e-14
6.180899999999999181e+02 5.907586782899999577e-14
6.182799999999999727e+02 5.767155087200001046e-14
6.184700000000000273e+02 6.922843944999999424e-14
6.186600000000000819e+02 5.031029732400000359e-14
6.188500000000000227e+02 4.299379924499999521e-14
6.190399999999999636e+02 5.245268299199999397e-14
6.192300000000000182e+02 4.503121059900000344e-14
6.194199999999999591e+02 6.213897555999998959e-14
6.196100000000000136e+02 4.627935247100000196e-14
6.197999999999999545e+02 4.798318056000000270e-14
6.199900000000000091e+02 5.375015704799999134e-14
6.201800000000000637e+02 5.488239497399999640e-14
6.203700000000000045e+02 5.881479822000000142e-14
6.205600000000000591e+02 4.581687564000000781e-14
6.207500000000000000e+02 4.251386392500000101e-14
6.209399999999999409e+02 5.125971469199999589e-14
6.211299999999999955e+02 5.288431257300000252e-14
6.213199999999999363e+02 4.921767740399999727e-14
6.215099999999999909e+02 6.127634897700000895e-14
6.217000000000000455e+02 5.511606745999999441e-14
6.218899999999999864e+02 3.211551900200000088e-14
6.220800000000000409e+02 5.176595174400000112e-14
6.222699999999999818e+02 4.488993552999999596e-14
6.224600000000000364e+02 4.498487296999999950e-14
6.226499999999999773e+02 4.550861679000000444e-14
6.228399999999999181e+02 4.894233121199999514e-14
6.230299999999999727e+02 4.537278278000000074e-14
6.232200000000000273e+02 4.383735712199999765e-14
6.234100000000000819e+02 5.497460041700000603e-14
6.236000000000000227e+02 4.756415459999999800e-14
6.237899999999999636e+02 4.048066491299999706e-14
6.239800000000000182e+02 5.082310860200000248e-14
6.241699999999999591e+02 3.532933275699999947e-14
6.243600000000000136e+02 5.623548084000000147e-14
6.245499999999999545e+02 4.796662664500000040e-14
6.247400000000000091e+02 4.170089520800000067e-14
6.249300000000000637e+02 4.291944248399999916e-14
6.251200000000000045e+02 4.767677718399999312e-14
6.253100000000000591e+02 5.529916478799999993e-14
6.255000000000000000e+02 5.113005885000000574e-14
6.256899999999999409e+02 6.187467180699998934e-14
6.258799999999999955e+02 6.395930308000000516e-14
6.260699999999999363e+02 6.468680453999999788e-14
6.262599999999999909e+02 6.225732073799999538e-14
6.264500000000000455e+02 5.826993584500000191e-14
6.266399999999999864e+02 5.389041335999999938e-14
6.268300000000000409e+02 5.049178333000000040e-14
6.270199999999999818e+02 5.779124206200000175e-14
6.272100000000000364e+02 5.855306410799999718e-14
6.273999999999999773e+02 6.938291119999999661e-14
6.275899999999999181e+02 7.375437679999999584e-14
6.277799999999999727e+02 6.218600345999999499e-14
6.279700000000000273e+02 6.607939918999999706e-14
6.281600000000000819e+02 7.665122400000000081e-14
6.283500000000000227e+02 7.438721475000000986e-14
6.285399999999999636e+02 5.872876627199999812e-14
6.287300000000000182e+02 6.252700988099999949e-14
6.289199999999999591e+02 8.401616496000000075e-14
6.291100000000000136e+02 8.333883081000000199e-14
6.292999999999999545e+02 7.764492189999999838e-14
6.294900000000000091e+02 9.914341601999999487e-14
6.296800000000000637e+02 1.052680133599999939e-13
6.298700000000000045e+02 7.917906809000000527e-14
6.300600000000000591e+02 8.531264424000000810e-14
6.302500000000000000e+02 1.102830357499999896e-13
6.304399999999999409e+02 1.102784561199999921e-13
6.306299999999999955e+02 9.273161898000000797e-14
6.308199999999999363e+02 1.087407516000000026e-13
6.310099999999999909e+02 1.027871119299999913e-13
6.312000000000000455e+02 1.000919088000000028e-13
6.313899999999999864e+02 1.062597800500000063e-13
6.315800000000000409e+02 1.117757652400000158e-13
6.317699999999999818e+02 1.299670926299999891e-13
6.319600000000000364e+02 1.224751119200000083e-13
6.321499999999999773e+02 1.094605654000000005e-13
6.323399999999999181e+02 1.341661071599999982e-13
6.325299999999999727e+02 1.308913304900000158e-13
6.327200000000000273e+02 1.361594458400000088e-13
6.329100000000000819e+02 1.413471573900000070e-13
6.331000000000000227e+02 1.365166191999999856e-13
6.332899999999999636e+02 1.219469556899999979e-13
6.334800000000000182e+02 1.298298255600000005e-13
6.336699999999999591e+02 1.314567425099999845e-13
6.338600000000000136e+02 1.546193713800000232e-13
6.340499999999999545e+02 1.601039654999999904e-13
6.342400000000000091e+02 1.563864595199999842e-13
6.344300000000000637e+02 1.633644561400000189e-13
6.346200000000000045e+02 1.658312829599999949e-13
6.348100000000000591e+02 1.509705142000000015e-13
6.350000000000000000e+02 1.602136750000000070e-13
6.351899999999999409e+02 1.668898205999999969e-13
6.353799999999999955e+02 1.644801852200000109e-13
6.355699999999999363e+02 1.358168600099999853e-13
6.357599999999999909e+02 1.375962652800000053e-13
6.359500000000000455e+02 1.497605014500000003e-13
6.361399999999999864e+02 1.532270417999999905e-13
6.363300000000000409e+02 1.419868582200000097e-13
6.365199999999999818e+02 1.291830070399999997e-13
6.367100000000000364e+02 1.549803076800000072e-13
6.368999999999999773e+02 1.506822602999999826e-13
6.370899999999999181e+02 1.508367913099999901e-13
6.372799999999999727e+02 1.551101283199999844e-13
6.374700000000000273e+02 1.710822861900000081e-13
6.376600000000000819e+02 1.606718278600000196e-13
6.378500000000000227e+02 1.498539275999999998e-13
6.380399999999999636e+02 1.662579110399999877e-13
6.382300000000000182e+02 1.555398421500000228e-13
6.384199999999999591e+02 1.518743722199999865e-13
6.386100000000000136e+02 1.599373200600000041e-13
6.387999999999999545e+02 1.292956751999999854e-13
6.389900000000000091e+02 1.379624139299999991e-13
6.391800000000000637e+02 1.614217131000000182e-13
6.393700000000000045e+02 1.779986898899999933e-13
6.395600000000000591e+02 1.732708743200000095e-13
6.397500000000000000e+02 1.802789910000000014e-13
6.399399999999999409e+02 1.786757275800000171e-13
6.401299999999999955e+02 1.720150934699999970e-13
6.403199999999999363e+02 1.915850246400000067e-13
6.405099999999999909e+02 1.928569204900000019e-13
6.407000000000000455e+02 1.803122010000000176e-13
6.408899999999999864e+02 1.796363398799999761e-13
6.410800000000000409e+02 1.995194819200000095e-13
6.412699999999999818e+02 1.920584411899999771e-13
6.414600000000000364e+02 1.913885714400000228e-13
6.416499999999999773e+02 1.852449966500000152e-13
6.418399999999999181e+02 1.901585786399999853e-13
6.420299999999999727e+02 1.847473426500000115e-13
6.422200000000000273e+02 1.662341514599999961e-13
6.424100000000000819e+02 1.815534173300000333e-13
6.426000000000000227e+02 2.005156188000000066e-13
6.427899999999999636e+02 1.754135342599999858e-13
6.429800000000000182e+02 1.662881305800000091e-13
6.431699999999999591e+02 1.864530534900000073e-13
6.433600000000000136e+02 1.790168500800000153e-13
6.435499999999999545e+02 1.789023951499999995e-13
6.437400000000000091e+02 1.957182034199999965e-13
6.439300000000000637e+02 1.896013249200000151e-13
6.441200000000000045e+02 1.711729576400000081e-13
6.443100000000000591e+02 1.888311532500000197e-13
6.445000000000000000e+02 1.962135134999999805e-13
6.446899999999999409e+02 2.022115313300000167e-13
6.448799999999999955e+02 1.767738607200000123e-13
6.450699999999999363e+02 1.929701102199999805e-13
6.452599999999999909e+02 1.810747969800000090e-13
6.454500000000000455e+02 1.953983694000000024e-13
6.456399999999999864e+02 2.000664037199999846e-13
6.458300000000000409e+02 2.074005545399999965e-13
6.460199999999999818e+02 2.080959624000000119e-13
6.462100000000000364e+02 2.029978245600000189e-13
6.463999999999999773e+02 2.198393472000000169e-13
6.465899999999999181e+02 2.349947298299999806e-13
6.467799999999999727e+02 2.448760822400000113e-13
6.469700000000000273e+02 2.517463785199999895e-13
6.471600000000000819e+02 2.364903844799999914e-13
6.473500000000000227e+02 2.306689308000000189e-13
6.475399999999999636e+02 2.272101302799999684e-13
6.477300000000000182e+02 2.343221570700000224e-13
6.479199999999999591e+02 2.329473255199999963e-13
6.481100000000000136e+02 1.959826310100000059e-13
6.482999999999999545e+02 1.948044255000000020e-13
6.484900000000000091e+02 1.983581757299999986e-13
6.486800000000000637e+02 2.045313987200000136e-13
6.488700000000000045e+02 2.197839486599999787e-13
6.490600000000000591e+02 2.237978351800000426e-13
6.492500000000000000e+02 2.169072832499999894e-13
6.494399999999999409e+02 2.252089065599999764e-13
6.496299999999999955e+02 2.235604200500000072e-13
6.498199999999999363e+02 2.433237993599999897e-13
6.500099999999999909e+02 2.576106631799999973e-13
6.502000000000000455e+02 2.657308882000000051e-13
6.503899999999999864e+02 2.764619276899999509e-13
6.505800000000000409e+02 2.856482088599999718e-13
6.507699999999999818e+02 2.941649600200000057e-13
6.509600000000000364e+02 3.183663091200000440e-13
6.511499999999999773e+02 3.156280326000000213e-13
6.513399999999999181e+02 4.070777299000000137e-13
6.515299999999999727e+02 3.229126016600000491e-13
6.517200000000000273e+02 2.965365103200000014e-13
6.519100000000000819e+02 3.396444580900000147e-13
6.521000000000000227e+02 3.260728235000000052e-13
6.522899999999999636e+02 3.185764791299999865e-13
6.524800000000000182e+02 3.112708038400000022e-13
6.526699999999999591e+02 3.500106042499999994e-13
6.528600000000000136e+02 3.761877249000000384e-13
6.530499999999999545e+02 3.787559389999999738e-13
6.532400000000000091e+02 4.045992185199999326e-13
6.534300000000000637e+02 3.944737307100000146e-13
6.536200000000000045e+02 4.091340926200000307e-13
6.538100000000000591e+02 4.091287994100000071e-13
6.540000000000000000e+02 4.244289960000000444e-13
6.541899999999999409e+02 4.274248493499999530e-13
6.543799999999999955e+02 4.187083149000000504e-13
6.545699999999999363e+02 3.915428277599999738e-13
6.547599999999999909e+02 3.696414842000000326e-13
6.549500000000000455e+02 3.562803559499999855e-13
6.551399999999999864e+02 3.387938584799999877e-13
6.553300000000000409e+02 3.192472861500000197e-13
6.555199999999999818e+02 3.222949297599999788e-13
6.557100000000000364e+02 3.334337806800000440e-13
6.558999999999999773e+02 3.776685318000000387e-13
6.560899999999999181e+02 4.649762317199999944e-13
6.562799999999999727e+02 5.892232784399999715e-13
6.564700000000000273e+02 6.306654772399999397e-13
6.566600000000000819e+02 5.498956205800000881e-13
6.568500000000000227e+02 3.895580294999999370e-13
6.570399999999999636e+02 2.826185285599999861e-13
6.572300000000000182e+02 2.613369938200000144e-13
6.574199999999999591e+02 2.603061064200000072e-13
6.576100000000000136e+02 2.554190120500000361e-13
6.577999999999999545e+02 2.465026564000000239e-13
6.579900000000000091e+02 2.338772815799999842e-13
6.581800000000000637e+02 2.341067278400000076e-13
6.583700000000000045e+02 2.327542044700000136e-13
6.585600000000000591e+02 2.330439686399999767e-13
6.587500000000000000e+02 2.511517312499999848e-13
6.589399999999999409e+02 2.657617039800000074e-13
6.591299999999999955e+02 2.839663866000000138e-13
6.593199999999999363e+02 2.742876691200000011e-13
6.595099999999999909e+02 2.676146487799999944e-13
6.597000000000000455e+02 3.068172342000000239e-13
6.598899999999999864e+02 3.183560118200000205e-13
6.600800000000000409e+02 2.554555805600000298e-13
6.602699999999999818e+02 2.566641160199999893e-13
6.604600000000000364e+02 2.421398265800000065e-13
6.606499999999999773e+02 2.252856138999999899e-13
6.608399999999999181e+02 2.366038493999999914e-13
6.610299999999999727e+02 2.688290024600000076e-13
6.612200000000000273e+02 2.669113712999999728e-13
6.614100000000000819e+02 2.569280215500000264e-13
6.616000000000000227e+02 2.595893455999999740e-13
6.617899999999999636e+02 2.531141595100000228e-13
6.619800000000000182e+02 2.469681885000000396e-13
6.621699999999999591e+02 2.314601991599999758e-13
6.623600000000000136e+02 2.265052621200000249e-13
6.625499999999999545e+02 2.131502856000000046e-13
6.627400000000000091e+02 2.111145015200000061e-13
6.629300000000000637e+02 2.111856325200000296e-13
6.631200000000000045e+02 2.319010214399999690e-13
6.633100000000000591e+02 2.230631932799999912e-13
6.635000000000000000e+02 2.270503635000000027e-13
6.636899999999999409e+02 2.076546635099999924e-13
6.638799999999999955e+02 1.977061195200000147e-13
6.640699999999999363e+02 2.021243140399999880e-13
6.642599999999999909e+02 2.129358498599999861e-13
6.644500000000000455e+02 2.229389217999999931e-13
6.646399999999999864e+02 2.112112931199999850e-13
6.648300000000000409e+02 2.046692451600000037e-13
6.650199999999999818e+02 1.889315169799999976e-13
6.652100000000000364e+02 1.608058697700000147e-13
6.653999999999999773e+02 1.508315411999999871e-13
6.655899999999999181e+02 1.545167184999999888e-13
6.657799999999999727e+02 1.513024996800000008e-13
6.659700000000000273e+02 1.556624958600000045e-13
6.661600000000000819e+02 1.632977992800000008e-13
6.663500000000000227e+02 1.735841749999999902e-13
6.665399999999999636e+02 1.866645269999999832e-13
6.667300000000000182e+02 1.825320055600000044e-13
6.669199999999999591e+02 2.010316963599999939e-13
6.671100000000000136e+02 2.073237786900000064e-13
6.672999999999999545e+02 1.981026856000000052e-13
6.674900000000000091e+02 2.055001462999999847e-13
6.676800000000000637e+02 2.174333304000000198e-13
6.678700000000000045e+02 2.083874616600000145e-13
6.680600000000000591e+02 1.820536986600000294e-13
6.682500000000000000e+02 1.600538940000000028e-13
6.684399999999999409e+02 1.394472790399999866e-13
6.686299999999999955e+02 1.481536981399999985e-13
6.688199999999999363e+02 1.656085266599999977e-13
6.690099999999999909e+02 1.670538040300000160e-13
6.692000000000000455e+02 1.499985032000000090e-13
6.693899999999999864e+02 1.656780413400000093e-13
6.695800000000000409e+02 1.686551495600000064e-13
6.697699999999999818e+02 1.585452753199999895e-13
6.699600000000000364e+02 1.771334042400000293e-13
6.701499999999999773e+02 1.849895463000000115e-13
6.703399999999999181e+02 1.914430709399999704e-13
6.705299999999999727e+02 1.919854790699999929e-13
6.707200000000000273e+02 1.994768230399999906e-13
6.709100000000000819e+02 2.056768532400000307e-13
6.711000000000000227e+02 1.979181276000000002e-13
6.712899999999999636e+02 1.847819705599999696e-13
6.714800000000000182e+02 1.785129580000000240e-13
6.716699999999999591e+02 1.555842954599999853e-13
6.718600000000000136e+02 1.449726070799999910e-13
6.720499999999999545e+02 1.510318126499999951e-13
6.722400000000000091e+02 2.645506406400000044e-13
6.724300000000000637e+02 1.648287313199999979e-13
6.726200000000000045e+02 1.619594971799999912e-13
6.728100000000000591e+02 1.577066639999999862e-13
6.730000000000000000e+02 1.354674970000000175e-13
6.731899999999999409e+02 1.561477668799999942e-13
6.733799999999999955e+02 1.721522905200000014e-13
6.735699999999999363e+02 1.607104341499999841e-13
6.737599999999999909e+02 1.517139080000000202e-13
6.739500000000000455e+02 1.736364779999999957e-13
6.741399999999999864e+02 1.609367680599999730e-13
6.743300000000000409e+02 2.094549899600000103e-13
6.745199999999999818e+02 1.981105711199999865e-13
6.747100000000000364e+02 1.641252316300000052e-13
6.748999999999999773e+02 1.731091504000000081e-13
6.750899999999999181e+02 1.743352415999999907e-13
6.752799999999999727e+02 1.665719928799999982e-13
6.754700000000000273e+02 1.726393244800000050e-13
6.756600000000000819e+02 1.904063932800000117e-13
6.758500000000000227e+02 1.795598279999999999e-13
6.760399999999999636e+02 1.739079097999999794e-13
6.762300000000000182e+02 1.699852875599999997e-13
6.764199999999999591e+02 1.877349596399999957e-13
6.766100000000000136e+02 2.147215068900000039e-13
6.767999999999999545e+02 2.145036383999999708e-13
6.769900000000000091e+02 2.058807828799999622e-13
6.771800000000000637e+02 2.104492601399999742e-13
6.773700000000000045e+02 2.132469139199999751e-13
6.775600000000000591e+02 2.094148243200000031e-13
6.777500000000000000e+02 2.363293917499999798e-13
6.779399999999999409e+02 2.384728523399999682e-13
6.781299999999999955e+02 2.254592373600000293e-13
6.783199999999999363e+02 2.001003300800000169e-13
6.785099999999999909e+02 1.943456193000000029e-13
6.787000000000000455e+02 1.900672202000000064e-13
6.788899999999999864e+02 1.795175249199999738e-13
6.790800000000000409e+02 2.019794434799999941e-13
6.792699999999999818e+02 1.804439998799999920e-13
6.794600000000000364e+02 1.654457921599999920e-13
6.796499999999999773e+02 2.011322227500000151e-13
6.798399999999999181e+02 2.165603126399999822e-13
6.800299999999999727e+02 1.989067349100000039e-13
6.802200000000000273e+02 1.911649474799999893e-13
6.804100000000000819e+02 1.857505691800000180e-13
6.806000000000000227e+02 2.042739228000000101e-13
6.807899999999999636e+02 2.179664919299999716e-13
6.809800000000000182e+02 2.173831165800000200e-13
6.811699999999999591e+02 2.203993652000000006e-13
6.813600000000000136e+02 2.341834320000000059e-13
6.815499999999999545e+02 2.241461193499999963e-13
6.817400000000000091e+02 2.104251866599999981e-13
6.819300000000000637e+02 2.369734027200000175e-13
6.821200000000000045e+02 2.436696348799999756e-13
6.823100000000000591e+02 2.381180022799999739e-13
6.825000000000000000e+02 2.125386899999999921e-13
6.826899999999999409e+02 2.148835044000000019e-13
6.828799999999999955e+02 2.379522675200000066e-13
6.830699999999999363e+02 2.449461697200000207e-13
6.832599999999999909e+02 2.511855072800000016e-13
6.834500000000000455e+02 2.352113678500000255e-13
6.836399999999999864e+02 2.183840125199999775e-13
6.838300000000000409e+02 2.382155996500000144e-13
6.840199999999999818e+02 2.626219547800000003e-13
6.842100000000000364e+02 2.568298550699999920e-13
6.843999999999999773e+02 2.423597280000000381e-13
6.845899999999999181e+02 2.400466913699999663e-13
6.847799999999999727e+02 3.109353154800000529e-13
6.849700000000000273e+02 2.978496149200000005e-13
6.851600000000000819e+02 2.211737589600000232e-13
6.853500000000000227e+02 2.173820543999999872e-13
6.855399999999999636e+02 2.121492650200000191e-13
6.857300000000000182e+02 1.833408871800000119e-13
6.859199999999999591e+02 2.087288855999999837e-13
6.861100000000000136e+02 2.216313688600000200e-13
6.862999999999999545e+02 2.246431474999999944e-13
6.864900000000000091e+02 2.165875949999999991e-13
6.866800000000000637e+02 2.263105009600000330e-13
6.868700000000000045e+02 2.058267773300000156e-13
6.870600000000000591e+02 1.727158910400000028e-13
6.872500000000000000e+02 1.797509247500000032e-13
6.874399999999999409e+02 1.833814943999999805e-13
6.876299999999999955e+02 2.211404327399999995e-13
6.878199999999999363e+02 2.482314867200000287e-13
6.880099999999999909e+02 2.325088514400000032e-13
6.882000000000000455e+02 2.525728410000000155e-13
6.883899999999999864e+02 2.445367796999999946e-13
6.885800000000000409e+02 2.371056372000000018e-13
6.887699999999999818e+02 2.367247388400000115e-13
6.889600000000000364e+02 2.295614720000000210e-13
6.891499999999999773e+02 2.535231236999999915e-13
6.893399999999999181e+02 2.594827414799999505e-13
6.895299999999999727e+02 2.389042172199999917e-13
6.897200000000000273e+02 2.580752912799999738e-13
6.899100000000000819e+02 2.541863009400000258e-13
6.901000000000000227e+02 2.510935750999999839e-13
6.902899999999999636e+02 2.550945986299999893e-13
6.904800000000000182e+02 2.701917287999999996e-13
6.906699999999999591e+02 2.691941578599999925e-13
6.908600000000000136e+02 2.934303495200000181e-13
6.910499999999999545e+02 2.874899299499999711e-13
6.912400000000000091e+02 2.898376232399999722e-13
6.914300000000000637e+02 3.295141036700000153e-13
6.916200000000000045e+02 3.154471903800000257e-13
6.918100000000000591e+02 2.912928267899999925e-13
6.920000000000000000e+02 2.654159079999999986e-13
6.921899999999999409e+02 2.800579974299999975e-13
6.923799999999999955e+02 2.930034455399999960e-13
6.925699999999999363e+02 2.958991473600000084e-13
6.927599999999999909e+02 3.245663731199999960e-13
6.929500000000000455e+02 3.490624752999999844e-13
6.931399999999999864e+02 3.570066089799999742e-13
6.933300000000000409e+02 3.683072959500000065e-13
6.935199999999999818e+02 3.789212964799999584e-13
6.937100000000000364e+02 3.813171253800000195e-13
6.938999999999999773e+02 3.665124287999999872e-13
6.940899999999999181e+02 3.960553889899999666e-13
6.942799999999999727e+02 4.014556072400000655e-13
6.944700000000000273e+02 4.172861889000000086e-13
6.946600000000000819e+02 4.530614199600000436e-13
6.948500000000000227e+02 4.873934994500000247e-13
6.950399999999999636e+02 4.542684134399999747e-13
6.952300000000000182e+02 4.641751761100000342e-13
6.954199999999999591e+02 4.426890727599999762e-13
6.956100000000000136e+02 4.335389324999999881e-13
6.957999999999999545e+02 4.091095260000000077e-13
6.959900000000000091e+02 4.348148805699999637e-13
6.961800000000000637e+02 4.511879923800000052e-13
6.963700000000000045e+02 4.744020624999999568e-13
6.965600000000000591e+02 4.659004250400000259e-13
6.967500000000000000e+02 4.706232712500000587e-13
6.969399999999999409e+02 5.064732673999999726e-13
6.971299999999999955e+02 4.821002515000000317e-13
6.973199999999999363e+02 4.778273728799998996e-13
6.975099999999999909e+02 4.875992480699999538e-13
6.977000000000000455e+02 5.116415502000000088e-13
6.978899999999999864e+02 5.407461086999999899e-13
6.980800000000000409e+02 5.440954193600000158e-13
6.982699999999999818e+02 5.422862577799999558e-13
6.984600000000000364e+02 5.452458144000000711e-13
6.986499999999999773e+02 5.492150528499999363e-13
6.988399999999999181e+02 5.446025177999998906e-13
6.990299999999999727e+02 5.303421774900000254e-13
6.992200000000000273e+02 5.346865418000000020e-13
6.994100000000000819e+02 5.450928770100000133e-13
6.996000000000000227e+02 5.506320731999999901e-13
6.997899999999999636e+02 5.549152754599999864e-13
6.999800000000000182e+02 5.433349757000000913e-13
7.001699999999999591e+02 5.413042276799999969e-13
7.003600000000000136e+02 5.780638371600000477e-13
7.005499999999999545e+02 5.690280424499999719e-13
7.007400000000000091e+02 5.396889257999999554e-13
7.009300000000000637e+02 5.658516769099999341e-13
7.011200000000000045e+02 5.866383219199999108e-13
7.013100000000000591e+02 5.888023432500000312e-13
7.015000000000000000e+02 6.099044435000000046e-13
7.016899999999999409e+02 6.318718450000000276e-13
7.018799999999999955e+02 6.419991078000000314e-13
7.020699999999999363e+02 6.419854452600000016e-13
7.022599999999999909e+02 6.362875888200000477e-13
7.024500000000000455e+02 6.154199572500000611e-13
7.026399999999999864e+02 6.247059817600000376e-13
7.028300000000000409e+02 6.549806307699999374e-13
7.030199999999999818e+02 7.141347461999999419e-13
7.032100000000000364e+02 7.218169366000000257e-13
7.033999999999999773e+02 7.540940380000000639e-13
7.035899999999999181e+02 7.451721689999999762e-13
7.037799999999999727e+02 7.635942622000000273e-13
7.039700000000000273e+02 7.984990915999999292e-13
7.041600000000000819e+02 8.114246928000001041e-13
7.043500000000000227e+02 8.357253619999999786e-13
7.045399999999999636e+02 8.427355209999999688e-13
7.047300000000000182e+02 8.529840500999999785e-13
7.049199999999999591e+02 8.760534283999999388e-13
7.051100000000000136e+02 8.470627452000000510e-13
7.052999999999999545e+02 7.746168840000000159e-13
7.054900000000000091e+02 6.318932831999999607e-13
7.056800000000000637e+02 4.262907028000000568e-13
7.058700000000000045e+02 3.070809789299999637e-13
7.060600000000000591e+02 2.907202050000000044e-13
7.062500000000000000e+02 2.717741812500000026e-13
7.064399999999999409e+02 2.620687532399999663e-13
7.066299999999999955e+02 2.902786575900000108e-13
7.068199999999999363e+02 3.084004092199999773e-13
7.070099999999999909e+02 3.428623784700000241e-13
7.072000000000000455e+02 3.594648096000000076e-13
7.073899999999999864e+02 3.620980858099999815e-13
7.075800000000000409e+02 3.694133663999999878e-13
7.077699999999999818e+02 4.005270429999999942e-13
7.079600000000000364e+02 3.856420950800000059e-13
7.081499999999999773e+02 3.727297954499999967e-13
7.083399999999999181e+02 3.844529516799999660e-13
7.085299999999999727e+02 3.583815593000000278e-13
7.087200000000000273e+02 3.552161337599999640e-13
7.089100000000000819e+02 3.045526983700000552e-13
7.091000000000000227e+02 2.228247475999999946e-13
7.092899999999999636e+02 1.973443381200000156e-13
7.094800000000000182e+02 2.157060423200000150e-13
7.096699999999999591e+02 2.250902919200000137e-13
7.098600000000000136e+02 2.183664233400000362e-13
7.100499999999999545e+02 2.531484461000000234e-13
7.102400000000000091e+02 2.399851243199999643e-13
7.104300000000000637e+02 2.365909507500000244e-13
7.106200000000000045e+02 2.786376551000000085e-13
7.108100000000000591e+02 2.985373567600000108e-13
7.110000000000000000e+02 3.064630410000000154e-13
7.111899999999999409e+02 3.402119603000000126e-13
7.113799999999999955e+02 3.303627378600000016e-13
7.115699999999999363e+02 3.043043336399999969e-13
7.117599999999999909e+02 3.264764826400000030e-13
7.119500000000000455e+02 3.500309294500000130e-13
7.121399999999999864e+02 3.691320718799999875e-13
7.123300000000000409e+02 3.551983681899999961e-13
7.125199999999999818e+02 3.121892129600000211e-13
7.127100000000000364e+02 2.385240811199999745e-13
7.128999999999999773e+02 1.983401864000000331e-13
7.130899999999999181e+02 1.757952253399999976e-13
7.132799999999999727e+02 1.822052361600000126e-13
7.134700000000000273e+02 1.871481752900000079e-13
7.136600000000000819e+02 1.889479079400000127e-13
7.138500000000000227e+02 1.952501104500000049e-13
7.140399999999999636e+02 2.104911375599999981e-13
7.142300000000000182e+02 2.189143519199999846e-13
7.144199999999999591e+02 2.286679815000000122e-13
7.146100000000000136e+02 2.297185306000000357e-13
7.147999999999999545e+02 2.405080412000000140e-13
7.149900000000000091e+02 2.422514818199999916e-13
7.151800000000000637e+02 2.413296240200000192e-13
7.153700000000000045e+02 2.508029990399999666e-13
7.155600000000000591e+02 2.812730403599999987e-13
7.157500000000000000e+02 2.788239912499999790e-13
7.159399999999999409e+02 2.478612917599999982e-13
7.161299999999999955e+02 2.203517687399999966e-13
7.163199999999999363e+02 2.345589839999999933e-13
7.165099999999999909e+02 2.415484181800000198e-13
7.167000000000000455e+02 2.402514572999999603e-13
7.168899999999999864e+02 2.406757445799999707e-13
7.170800000000000409e+02 2.604707050400000117e-13
7.172699999999999818e+02 2.612842465200000227e-13
7.174600000000000364e+02 2.838709410600000355e-13
7.176499999999999773e+02 2.723933869499999671e-13
7.178399999999999181e+02 2.759211856799999755e-13
7.180299999999999727e+02 2.904201580399999914e-13
7.182200000000000273e+02 3.034364584800000116e-13
7.184100000000000819e+02 3.166672254900000210e-13
7.186000000000000227e+02 3.386150990000000052e-13
7.187899999999999636e+02 3.381418172799999869e-13
7.189800000000000182e+02 3.565572805800000041e-13
7.191699999999999591e+02 3.581272424100000062e-13
7.193600000000000136e+02 3.613740928000000245e-13
7.195499999999999545e+02 3.492969129000000084e-13
7.197400000000000091e+02 3.057858574399999659e-13
7.199300000000000637e+02 2.791075019099999999e-13
7.201200000000000045e+02 2.816526142799999940e-13
7.203100000000000591e+02 2.776614972499999942e-13
7.205000000000000000e+02 2.888167479999999799e-13
7.206899999999999409e+02 2.876345859000000305e-13
7.208799999999999955e+02 2.952616348000000172e-13
7.210699999999999363e+02 3.163593675199999644e-13
7.212599999999999909e+02 3.111421876200000321e-13
7.214500000000000455e+02 3.468313158999999908e-13
7.216399999999999864e+02 3.641583066399999745e-13
7.218300000000000409e+02 3.641581821900000363e-13
7.220199999999999818e+02 3.788200673399999990e-13
7.222100000000000364e+02 3.871962806700000084e-13
7.223999999999999773e+02 4.107732552000000204e-13
7.225899999999999181e+02 4.338148549899999821e-13
7.227799999999999727e+02 4.329538933600000568e-13
7.229700000000000273e+02 4.322319523199999686e-13
7.231600000000000819e+02 4.266788631999999830e-13
7.233500000000000227e+02 4.160976839499999532e-13
7.235399999999999636e+02 4.312971292199999734e-13
7.237300000000000182e+02 4.553882855199999843e-13
7.239199999999999591e+02 4.285331310400000095e-13
7.241100000000000136e+02 4.628598013200000131e-13
7.242999999999999545e+02 5.102794901999999443e-13
7.244900000000000091e+02 4.775512059500000190e-13
7.246800000000000637e+02 5.402801012400000346e-13
7.248700000000000045e+02 5.430595563399999736e-13
7.250600000000000591e+02 5.482628197200000700e-13
7.252500000000000000e+02 5.419575674999999943e-13
7.254399999999999409e+02 5.663357737599999916e-13
7.256299999999999955e+02 6.172535313500000363e-13
7.258199999999999363e+02 6.168990958799999815e-13
7.260099999999999909e+02 5.975410784800000420e-13
7.262000000000000455e+02 6.322159221999999641e-13
7.263899999999999864e+02 6.456161583899999847e-13
7.265800000000000409e+02 6.519936566800000489e-13
7.267699999999999818e+02 6.606615472599999862e-13
7.269600000000000364e+02 6.504772653600000971e-13
7.271499999999999773e+02 6.209330180500000086e-13
7.273399999999999181e+02 6.146524864599999455e-13
7.275299999999999727e+02 6.384723251699999884e-13
7.277200000000000273e+02 6.402713430400000683e-13
7.279100000000000819e+02 6.479396236700000517e-13
7.281000000000000227e+02 6.692797134000000596e-13
7.282899999999999636e+02 6.974294395400000224e-13
7.284800000000000182e+02 6.941168699200000081e-13
7.286699999999999591e+02 7.383030173999999623e-13
7.288600000000000136e+02 7.502884840000000728e-13
7.290499999999999545e+02 7.381485439999999997e-13
7.292400000000000091e+02 7.737309323999999719e-13
7.294300000000000637e+02 8.049916537000000131e-13
7.296200000000000045e+02 8.366844387999999206e-13
7.298100000000000591e+02 8.913680396999999762e-13
7.300000000000000000e+02 9.073607999999999398e-13
7.301899999999999409e+02 8.878015115000000098e-13
7.303799999999999955e+02 9.017709707999999929e-13
7.305699999999999363e+02 9.484113625999999703e-13
7.307599999999999909e+02 9.763172828000000212e-13
7.309500000000000455e+02 9.704750054999998882e-13
7.311399999999999864e+02 9.748582076000000810e-13
7.313300000000000409e+02 9.801942856999999943e-13
7.315199999999999818e+02 1.022050483200000087e-12
7.317100000000000364e+02 1.031842807800000131e-12
7.318999999999999773e+02 1.059674095999999936e-12
7.320899999999999181e+02 1.096326737699999963e-12
7.322799999999999727e+02 1.121603984800000153e-12
7.324700000000000273e+02 1.081089096499999986e-12
7.326600000000000819e+02 1.084849662000000192e-12
7.328500000000000227e+02 1.092049099000000094e-12
7.330399999999999636e+02 1.114528676800000085e-12
7.332300000000000182e+02 1.164860504100000104e-12
7.334199999999999591e+02 1.174029399200000080e-12
7.336100000000000136e+02 1.205930126300000124e-12
7.337999999999999545e+02 1.258100100000000119e-12
7.339900000000000091e+02 1.294729000399999892e-12
7.341800000000000637e+02 1.282957524600000016e-12
7.343700000000000045e+02 1.210175666699999987e-12
7.345600000000000591e+02 1.189267331199999915e-12
7.347500000000000000e+02 1.215349975000000053e-12
7.349399999999999409e+02 1.202479430399999842e-12
7.351299999999999955e+02 1.225263224900000019e-12
7.353199999999999363e+02 1.226396108799999797e-12
7.355099999999999909e+02 1.214988969000000059e-12
7.357000000000000455e+02 1.237859392000000047e-12
7.358899999999999864e+02 1.247642623799999860e-12
7.360800000000000409e+02 1.297929863999999978e-12
7.362699999999999818e+02 1.336823350900000040e-12
7.364600000000000364e+02 1.363909190800000023e-12
7.366499999999999773e+02 1.380607330500000009e-12
7.368399999999999181e+02 1.386401301999999909e-12
7.370299999999999727e+02 1.394055393499999994e-12
7.372200000000000273e+02 1.381896773400000005e-12
7.374100000000000819e+02 1.358434579700000168e-12
7.376000000000000227e+02 1.363335584000000113e-12
7.377899999999999636e+02 1.371020401199999939e-12
7.379800000000000182e+02 1.386686559400000155e-12
7.381699999999999591e+02 1.392343635699999837e-12
7.383600000000000136e+02 1.392569110800000140e-12
7.385499999999999545e+02 1.450135539500000105e-12
7.387400000000000091e+02 1.454468248999999790e-12
7.389300000000000637e+02 1.470588928800000165e-12
7.391200000000000045e+02 1.479444765600000030e-12
7.393100000000000591e+02 1.423467473999999980e-12
7.395000000000000000e+02 1.385830394999999948e-12
7.396899999999999409e+02 1.397592476699999866e-12
7.398799999999999955e+02 1.437934583600000059e-12
7.400699999999999363e+02 1.503563215499999848e-12
7.402599999999999909e+02 1.464952332200000036e-12
7.404500000000000455e+02 1.421567741499999950e-12
7.406399999999999864e+02 1.378879113599999935e-12
7.408300000000000409e+02 1.403961749600000021e-12
7.410199999999999818e+02 1.463462628600000095e-12
7.412100000000000364e+02 1.509918891000000148e-12
7.413999999999999773e+02 1.505501667999999974e-12
7.415899999999999181e+02 1.448532915199999867e-12
7.417799999999999727e+02 1.402980438599999961e-12
7.419700000000000273e+02 1.388292647299999934e-12
7.421600000000000819e+02 1.398244283200000095e-12
7.423500000000000227e+02 1.453157548499999885e-12
7.425399999999999636e+02 1.525778617400000040e-12
7.427300000000000182e+02 1.517857882599999902e-12
7.429199999999999591e+02 1.517770701600000055e-12
7.431100000000000136e+02 1.524170627700000030e-12
7.432999999999999545e+02 1.487766981000000114e-12
7.434900000000000091e+02 1.460013617699999856e-12
7.436800000000000637e+02 1.420161075200000088e-12
7.438700000000000045e+02 1.484437217199999942e-12
7.440600000000000591e+02 1.502361308400000153e-12
7.442500000000000000e+02 1.494915435000000127e-12
7.444399999999999409e+02 1.442814052799999814e-12
7.446299999999999955e+02 1.422906020700000106e-12
7.448199999999999363e+02 1.433413538199999847e-12
7.450099999999999909e+02 1.440402334000000048e-12
7.452000000000000455e+02 1.470398831999999983e-12
7.453899999999999864e+02 1.452355145499999850e-12
7.455800000000000409e+02 1.473586679399999945e-12
7.457699999999999818e+02 1.469189273099999968e-12
7.459600000000000364e+02 1.496843336000000067e-12
7.461499999999999773e+02 1.483756582499999936e-12
7.463399999999999181e+02 1.493217364799999993e-12
7.465299999999999727e+02 1.510581059099999925e-12
7.467200000000000273e+02 1.538795772800000121e-12
7.469100000000000819e+02 1.549793435400000035e-12
7.471000000000000227e+02 1.551397976000000045e-12
7.472899999999999636e+02 1.512387920699999929e-12
7.474800000000000182e+02 1.477289572800000086e-12
7.476699999999999591e+02 1.507414870499999863e-12
7.478600000000000136e+02 1.539970876200000013e-12
7.480499999999999545e+02 1.550206456499999880e-12
7.482400000000000091e+02 1.581225662400000042e-12
7.484300000000000637e+02 1.596842763700000031e-12
7.486200000000000045e+02 1.598805275400000016e-12
7.488100000000000591e+02 1.596680074900000065e-12
7.490000000000000000e+02 1.589999670000000062e-12
7.491899999999999409e+02 1.578760595099999926e-12
7.493799999999999955e+02 1.555990150599999984e-12
7.495699999999999363e+02 1.557276649199999914e-12
7.497599999999999909e+02 1.599672940799999964e-12
7.499500000000000455e+02 1.646635216999999860e-12
7.501399999999999864e+02 1.700664898199999801e-12
7.503300000000000409e+02 1.688760227700000211e-12
7.505199999999999818e+02 1.649815579599999856e-12
7.507100000000000364e+02 1.663152962399999933e-12
7.508999999999999773e+02 1.701036296999999968e-12
7.510899999999999181e+02 1.739712212499999930e-12
7.512799999999999727e+02 1.731399887999999994e-12
7.514700000000000273e+02 1.709135853299999848e-12
7.516600000000000819e+02 1.690453273600000048e-12
7.518500000000000227e+02 1.682640299999999959e-12
7.520399999999999636e+02 1.697940871199999952e-12
7.522300000000000182e+02 1.737207484299999889e-12
7.524199999999999591e+02 1.711988750199999937e-12
7.526100000000000136e+02 1.663599248400000122e-12
7.527999999999999545e+02 1.679609719999999747e-12
7.529900000000000091e+02 1.719136409200000137e-12
7.531800000000000637e+02 1.748650474200000124e-12
7.533700000000000045e+02 1.756384216899999701e-12
7.535600000000000591e+02 1.796811070800000042e-12
7.537500000000000000e+02 1.841087137500000149e-12
7.539399999999999409e+02 1.913213222799999996e-12
7.541299999999999955e+02 1.958551022999999817e-12
7.543199999999999363e+02 1.969921766399999835e-12
7.545099999999999909e+02 1.908676401899999782e-12
7.547000000000000455e+02 1.874010664000000344e-12
7.548899999999999864e+02 1.872708465299999836e-12
7.550800000000000409e+02 1.911507672399999751e-12
7.552699999999999818e+02 1.912985619499999982e-12
7.554600000000000364e+02 1.934853933599999953e-12
7.556499999999999773e+02 1.955848894999999919e-12
7.558399999999999181e+02 1.984835840000000196e-12
7.560299999999999727e+02 1.970335144800000055e-12
7.562200000000000273e+02 1.923952237399999776e-12
7.564100000000000819e+02 1.890291282300000117e-12
7.566000000000000227e+02 1.852436742000000125e-12
7.567899999999999636e+02 1.835957404199999764e-12
7.569800000000000182e+02 1.900209045000000053e-12
7.571699999999999591e+02 1.998989373599999832e-12
7.573600000000000136e+02 2.009541156000000007e-12
7.575499999999999545e+02 1.978902412000000176e-12
7.577400000000000091e+02 1.962099533399999752e-12
7.579300000000000637e+02 2.002875500800000249e-12
7.581200000000000045e+02 2.117459484799999938e-12
7.583100000000000591e+02 2.123063256300000104e-12
7.585000000000000000e+02 1.978008714999999955e-12
7.586899999999999409e+02 1.704435019499999883e-12
7.588799999999999955e+02 1.343763993600000009e-12
7.590699999999999363e+02 1.081439438299999937e-12
7.592599999999999909e+02 9.381340633999998550e-13
7.594500000000000455e+02 8.125279604999999699e-13
7.596399999999999864e+02 7.054723505199999082e-13
7.598300000000000409e+02 6.415039535900000084e-13
7.600199999999999818e+02 5.783318988599999218e-13
7.602100000000000364e+02 5.070365034900000381e-13
7.603999999999999773e+02 4.787470795999999373e-13
7.605899999999999181e+02 4.933582246799999650e-13
7.607799999999999727e+02 5.567524980400000368e-13
7.609700000000000273e+02 6.568601723599999527e-13
7.611600000000000819e+02 7.872906227999999971e-13
7.613500000000000227e+02 9.467082710000000520e-13
7.615399999999999636e+02 1.086458656399999823e-12
7.617300000000000182e+02 1.262986426499999962e-12
7.619199999999999591e+02 1.326098902400000070e-12
7.621100000000000136e+02 1.150671783500000132e-12
7.622999999999999545e+02 9.696837150000000080e-13
7.624900000000000091e+02 8.207671106999999507e-13
7.626800000000000637e+02 7.203504973200000861e-13
7.628700000000000045e+02 6.398800985999999969e-13
7.630600000000000591e+02 5.873822223199999834e-13
7.632500000000000000e+02 6.014455794999999553e-13
7.634399999999999409e+02 6.352767465599999245e-13
7.636299999999999955e+02 6.732696620999999369e-13
7.638199999999999363e+02 6.988036415999999614e-13
7.640099999999999909e+02 6.799452156900000287e-13
7.642000000000000455e+02 6.831695813999999616e-13
7.643899999999999864e+02 7.172936389299999401e-13
7.645800000000000409e+02 7.464938600999999661e-13
7.647699999999999818e+02 7.595183244100000200e-13
7.649600000000000364e+02 7.565890427200000565e-13
7.651499999999999773e+02 7.116086287500000304e-13
7.653399999999999181e+02 6.912895282999998996e-13
7.655299999999999727e+02 6.302355865100000373e-13
7.657200000000000273e+02 5.724017344799999927e-13
7.659100000000000819e+02 4.626663173400000468e-13
7.661000000000000227e+02 3.499016191000000181e-13
7.662899999999999636e+02 2.936607189599999668e-13
7.664800000000000182e+02 2.710549212800000138e-13
7.666699999999999591e+02 3.204665266599999877e-13
7.668600000000000136e+02 3.881523238800000216e-13
7.670499999999999545e+02 4.042338158999999575e-13
7.672400000000000091e+02 4.635403218399999667e-13
7.674300000000000637e+02 5.164627391099999970e-13
7.676200000000000045e+02 5.587198932000000230e-13
7.678100000000000591e+02 6.020283038500000178e-13
7.680000000000000000e+02 6.443043840000000095e-13
7.681899999999999409e+02 6.599182286399999697e-13
7.683799999999999955e+02 6.815261667000001001e-13
7.685699999999999363e+02 6.906731247899999370e-13
7.687599999999999909e+02 7.001819954400000586e-13
7.689500000000000455e+02 6.879949439999999982e-13
7.691399999999999864e+02 6.091811850599999706e-13
7.693300000000000409e+02 5.403443108100000973e-13
7.695199999999999818e+02 4.644468740799999873e-13
7.697100000000000364e+02 3.707246638199999936e-13
7.698999999999999773e+02 3.306520325999999783e-13
7.700899999999999181e+02 3.822025978100000125e-13
7.702799999999999727e+02 4.989049640400000336e-13
7.704700000000000273e+02 5.603420283100000475e-13
7.706600000000000819e+02 6.233244505400000613e-13
7.708500000000000227e+02 6.858005778000000068e-13
7.710399999999999636e+02 7.049364276800000355e-13
7.712300000000000182e+02 7.438289693300000043e-13
7.714199999999999591e+02 7.824204491999999946e-13
7.716100000000000136e+02 8.335162703000000856e-13
7.717999999999999545e+02 8.612824920000000223e-13
7.719900000000000091e+02 8.923278012000000000e-13
7.721800000000000637e+02 9.191335757999999606e-13
7.723700000000000045e+02 9.448016025000000093e-13
7.725600000000000591e+02 9.904605480000001814e-13
7.727500000000000000e+02 9.952479074999999887e-13
7.729399999999999409e+02 1.054653441799999984e-12
7.731299999999999955e+02 1.094133576000000117e-12
7.733199999999999363e+02 1.120710810400000109e-12
7.735099999999999909e+02 1.148004866500000010e-12
7.737000000000000455e+02 1.180712622000000121e-12
7.738899999999999864e+02 1.173766701900000010e-12
7.740800000000000409e+02 1.126719884800000091e-12
7.742699999999999818e+02 1.060060799700000096e-12
7.744600000000000364e+02 9.699182148000000776e-13
7.746499999999999773e+02 8.952552585000000822e-13
7.748399999999999181e+02 8.655660155999999387e-13
7.750299999999999727e+02 8.245854182000000217e-13
7.752200000000000273e+02 8.529358049999999398e-13
7.754100000000000819e+02 8.805013173000000342e-13
7.756000000000000227e+02 8.856421280000000719e-13
7.757899999999999636e+02 8.965805029999998930e-13
7.759800000000000182e+02 9.143449937999999726e-13
7.761699999999999591e+02 9.021889611999999632e-13
7.763600000000000136e+02 9.165395616000000287e-13
7.765499999999999545e+02 9.523298580000001061e-13
7.767400000000000091e+02 9.892405291999999007e-13
7.769300000000000637e+02 1.036665468300000089e-12
7.771200000000000045e+02 1.058398584000000117e-12
7.773100000000000591e+02 1.032679654300000064e-12
7.775000000000000000e+02 1.077918225000000101e-12
7.776899999999999409e+02 1.085764116600000033e-12
7.778799999999999955e+02 1.036229505600000057e-12
7.780699999999999363e+02 1.004947431300000004e-12
7.782599999999999909e+02 9.883123740000000461e-13
7.784500000000000455e+02 9.515227884999999302e-13
7.786399999999999864e+02 9.551966199999998352e-13
7.788300000000000409e+02 9.869411643000000416e-13
7.790199999999999818e+02 1.033479092799999865e-12
7.792100000000000364e+02 1.067509907900000057e-12
7.793999999999999773e+02 1.061675297999999951e-12
7.795899999999999181e+02 1.047527287099999942e-12
7.797799999999999727e+02 1.016661568399999939e-12
7.799700000000000273e+02 9.852893027999998455e-13
7.801600000000000819e+02 1.077455571199999924e-12
7.803500000000000227e+02 1.228575236500000111e-12
7.805399999999999636e+02 1.286852881799999944e-12
7.807300000000000182e+02 1.312672578200000072e-12
7.809199999999999591e+02 1.294109387199999884e-12
7.811100000000000136e+02 1.338635073600000068e-12
7.812999999999999545e+02 1.356407117000000082e-12
7.814900000000000091e+02 1.401125606100000001e-12
7.816800000000000637e+02 1.377796984800000009e-12
7.818700000000000045e+02 1.325465117500000055e-12
7.820600000000000591e+02 1.253298073600000065e-12
7.822500000000000000e+02 1.196983305000000146e-12
7.824399999999999409e+02 1.182493747599999962e-12
7.826299999999999955e+02 1.167143945300000019e-12
7.828199999999999363e+02 1.083141064799999901e-12
7.830099999999999909e+02 1.062881264299999875e-12
7.832000000000000455e+02 1.131951127999999987e-12
7.833899999999999864e+02 1.125504246899999927e-12
7.835800000000000409e+02 1.132570860400000049e-12
7.837699999999999818e+02 1.164298172700000026e-12
7.839600000000000364e+02 1.161601371599999910e-12
7.841499999999999773e+02 1.220019777499999877e-12
7.843399999999999181e+02 1.237719893599999843e-12
7.845299999999999727e+02 1.255287226499999962e-12
7.847200000000000273e+02 1.329417693600000091e-12
7.849100000000000819e+02 1.263814987400000099e-12
7.851000000000000227e+02 1.279163429999999975e-12
7.852899999999999636e+02 1.285339113299999921e-12
7.854800000000000182e+02 1.291784698400000113e-12
7.856699999999999591e+02 1.329165079199999932e-12
7.858600000000000136e+02 1.304323276400000069e-12
7.860499999999999545e+02 1.266625249000000143e-12
7.862400000000000091e+02 1.257425769599999979e-12
7.864300000000000637e+02 1.236873511100000214e-12
7.866200000000000045e+02 1.282898558000000036e-12
7.868100000000000591e+02 1.259415294600000184e-12
7.870000000000000000e+02 1.247961639999999923e-12
7.871899999999999409e+02 1.261841954299999983e-12
7.873799999999999955e+02 1.291019743199999956e-12
7.875699999999999363e+02 1.366780480800000048e-12
7.877599999999999909e+02 1.395367165600000021e-12
7.879500000000000455e+02 1.421509077000000077e-12
7.881399999999999864e+02 1.427297895799999918e-12
7.883300000000000409e+02 1.464007643000000016e-12
7.885199999999999818e+02 1.509274591199999996e-12
7.887100000000000364e+02 1.514236441900000043e-12
7.888999999999999773e+02 1.520754641000000100e-12
7.890899999999999181e+02 1.523125190699999941e-12
7.892799999999999727e+02 1.543429147200000020e-12
7.894700000000000273e+02 1.512656098799999946e-12
7.896600000000000819e+02 1.432767000600000029e-12
7.898500000000000227e+02 1.403468667999999938e-12
7.900399999999999636e+02 1.392974826799999972e-12
7.902300000000000182e+02 1.456662568200000061e-12
7.904199999999999591e+02 1.460024303000000037e-12
7.906100000000000136e+02 1.355975211000000156e-12
7.907999999999999545e+02 1.272855863999999877e-12
7.909900000000000091e+02 1.276539211499999911e-12
7.911800000000000637e+02 1.277217697600000045e-12
7.913700000000000045e+02 1.317179969100000019e-12
7.915600000000000591e+02 1.330849828000000136e-12
7.917500000000000000e+02 1.305191957499999893e-12
7.919399999999999409e+02 1.327267681799999914e-12
7.921299999999999955e+02 1.348823121400000002e-12
7.923199999999999363e+02 1.369548889599999852e-12
7.925099999999999909e+02 1.374394617300000050e-12
7.927000000000000455e+02 1.407415069000000048e-12
7.928899999999999864e+02 1.459623272099999958e-12
7.930800000000000409e+02 1.542960932400000017e-12
7.932699999999999818e+02 1.620698206199999926e-12
7.934600000000000364e+02 1.608089512799999979e-12
7.936499999999999773e+02 1.521339748499999962e-12
7.938399999999999181e+02 1.460443324799999891e-12
7.940299999999999727e+02 1.404003846000000002e-12
7.942200000000000273e+02 1.429715133000000053e-12
7.944100000000000819e+02 1.414542334199999989e-12
7.946000000000000227e+02 1.332425010000000036e-12
7.947899999999999636e+02 1.355093106300000009e-12
7.949800000000000182e+02 1.472867395800000009e-12
7.951699999999999591e+02 1.580098210399999946e-12
7.953600000000000136e+02 1.629859665599999994e-12
7.955499999999999545e+02 1.634529074499999990e-12
7.957400000000000091e+02 1.632922139199999840e-12
7.959300000000000637e+02 1.578018777300000002e-12
7.961200000000000045e+02 1.536726552400000008e-12
7.963100000000000591e+02 1.605512258900000099e-12
7.965000000000000000e+02 1.659802454999999898e-12
7.966899999999999409e+02 1.708676976799999959e-12
7.968799999999999955e+02 1.773870817599999897e-12
7.970699999999999363e+02 1.813246572300000101e-12
7.972599999999999909e+02 1.742762524400000000e-12
7.974500000000000455e+02 1.644924038499999898e-12
7.976399999999999864e+02 1.645882281599999943e-12
7.978300000000000409e+02 1.607986473500000131e-12
7.980199999999999818e+02 1.646610527399999811e-12
7.982100000000000364e+02 1.633800174300000088e-12
7.983999999999999773e+02 1.566269183999999995e-12
7.985899999999999181e+02 1.557937287399999976e-12
7.987799999999999727e+02 1.579875010800000132e-12
7.989700000000000273e+02 1.670893950699999998e-12
7.991600000000000819e+02 1.698438764800000001e-12
7.993500000000000227e+02 1.684246436999999997e-12
7.995399999999999636e+02 1.693793508399999932e-12
7.997300000000000182e+02 1.721258879000000111e-12
7.999199999999999591e+02 1.731250857599999966e-12
8.001100000000000136e+02 1.733758359000000050e-12
8.002999999999999545e+02 1.775809678999999971e-12
8.004900000000000091e+02 1.817376461700000080e-12
8.006800000000000637e+02 1.847625147600000381e-12
8.008700000000000045e+02 1.889124190800000224e-12
8.010600000000000591e+02 1.916760346799999903e-12
8.012500000000000000e+02 1.935419374999999888e-12
8.014399999999999409e+02 1.932376027199999949e-12
8.016299999999999955e+02 1.985725689300000141e-12
8.018199999999999363e+02 2.008174226399999885e-12
8.020099999999999909e+02 2.024104817900000010e-12
8.022000000000000455e+02 1.993603373999999867e-12
8.023899999999999864e+02 2.032068722799999984e-12
8.025800000000000409e+02 2.077518458999999847e-12
8.027699999999999818e+02 2.126882921100000117e-12
8.029600000000000364e+02 2.180670738400000232e-12
8.031499999999999773e+02 2.145414437499999980e-12
8.033399999999999181e+02 2.173990674599999705e-12
8.035299999999999727e+02 2.229385949699999747e-12
8.037200000000000273e+02 2.169650177199999778e-12
8.039100000000000819e+02 2.206990201200000148e-12
8.041000000000000227e+02 2.239313967000000203e-12
8.042899999999999636e+02 2.270084396299999786e-12
8.044800000000000182e+02 2.278930943999999794e-12
8.046699999999999591e+02 2.261034186299999739e-12
8.048600000000000136e+02 2.358956125400000050e-12
8.050499999999999545e+02 2.449815452999999859e-12
8.052400000000000091e+02 2.499360278800000003e-12
8.054300000000000637e+02 2.538642871300000338e-12
8.056200000000000045e+02 2.565682182599999832e-12
8.058100000000000591e+02 2.534280508100000013e-12
8.060000000000000000e+02 2.526036239999999777e-12
8.061899999999999409e+02 2.547286295400000175e-12
8.063799999999999955e+02 2.542935457600000027e-12
8.065699999999999363e+02 2.573498701900000290e-12
8.067599999999999909e+02 2.552604775200000173e-12
8.069500000000000455e+02 2.524236433999999828e-12
8.071399999999999864e+02 2.578731585999999610e-12
8.073300000000000409e+02 2.815845940499999945e-12
8.075199999999999818e+02 2.838675055999999958e-12
8.077100000000000364e+02 2.729260167099999973e-12
8.078999999999999773e+02 2.781179592000000093e-12
8.080899999999999181e+02 2.822747259899999980e-12
8.082799999999999727e+02 2.846204446799999974e-12
8.084700000000000273e+02 2.893619231099999706e-12
8.086600000000000819e+02 2.857294984199999990e-12
8.088500000000000227e+02 2.839880438500000031e-12
8.090399999999999636e+02 2.924388345599999816e-12
8.092300000000000182e+02 2.937925699600000139e-12
8.094199999999999591e+02 2.885711807199999831e-12
8.096100000000000136e+02 2.820729816600000002e-12
8.097999999999999545e+02 2.864788969999999924e-12
8.099900000000000091e+02 2.867000104499999714e-12
8.101800000000000637e+02 2.857537267200000249e-12
8.103700000000000045e+02 2.912226668999999888e-12
8.105600000000000591e+02 2.957230892800000255e-12
8.107500000000000000e+02 3.033972435000000119e-12
8.109399999999999409e+02 3.058387225399999856e-12
8.111299999999999955e+02 3.050603150900000120e-12
8.113199999999999363e+02 3.083040339599999884e-12
8.115099999999999909e+02 2.995291525099999921e-12
8.117000000000000455e+02 3.016228497999999968e-12
8.118899999999999864e+02 3.092708220299999989e-12
8.120800000000000409e+02 3.160371736000000437e-12
8.122699999999999818e+02 3.256439166200000011e-12
8.124600000000000364e+02 3.265382359800000204e-12
8.126499999999999773e+02 3.290216687499999794e-12
8.128399999999999181e+02 3.271014471199999688e-12
8.130299999999999727e+02 3.196264838999999871e-12
8.132200000000000273e+02 3.220473182999999871e-12
8.134100000000000819e+02 3.254803176299999999e-12
8.136000000000000227e+02 3.269077343999999913e-12
8.137899999999999636e+02 3.339330299699999849e-12
8.139800000000000182e+02 3.327387443999999952e-12
8.141699999999999591e+02 3.213097479900000115e-12
8.143600000000000136e+02 3.181044888400000313e-12
8.145499999999999545e+02 3.173177271000000185e-12
8.147400000000000091e+02 3.146460700799999878e-12
8.149300000000000637e+02 3.223683795399999767e-12
8.151200000000000045e+02 3.232162731199999996e-12
8.153100000000000591e+02 3.176211320100000369e-12
8.155000000000000000e+02 3.194949589999999917e-12
8.156899999999999409e+02 3.260215047200000075e-12
8.158799999999999955e+02 3.159421870800000288e-12
8.160699999999999363e+02 3.042798601999999855e-12
8.162599999999999909e+02 3.101518634200000021e-12
8.164500000000000455e+02 3.243355789499999954e-12
8.166399999999999864e+02 3.263587430399999787e-12
8.168300000000000409e+02 3.262566049400000062e-12
8.170199999999999818e+02 3.271495143600000175e-12
8.172100000000000364e+02 3.284154515399999985e-12
8.173999999999999773e+02 3.234280146000000039e-12
8.175899999999999181e+02 3.025532674499999877e-12
8.177799999999999727e+02 2.754659218800000050e-12
8.179700000000000273e+02 2.411187426899999612e-12
8.181600000000000819e+02 2.048517189600000167e-12
8.183500000000000227e+02 1.973917484499999992e-12
8.185399999999999636e+02 2.268215266999999750e-12
8.187300000000000182e+02 2.631684775500000267e-12
8.189199999999999591e+02 2.606106440399999961e-12
8.191100000000000136e+02 2.257802995100000203e-12
8.192999999999999545e+02 1.845293003999999692e-12
8.194900000000000091e+02 1.684879634899999859e-12
8.196799999999999500e+02 1.930452958399999941e-12
8.198700000000001182e+02 2.358192081000000272e-12
8.200600000000000591e+02 2.699334097800000387e-12
8.202500000000000000e+02 2.886057827500000203e-12
8.204399999999999409e+02 2.917640523599999616e-12
8.206299999999998818e+02 2.899655073499999412e-12
8.208200000000000500e+02 2.936664130399999917e-12
8.210099999999999909e+02 3.027835619400000228e-12
8.212000000000000455e+02 3.056539247999999852e-12
8.213899999999999864e+02 3.065205704699999814e-12
8.215799999999999272e+02 3.060467657999999787e-12
8.217700000000000955e+02 3.065949910700000286e-12
8.219600000000000364e+02 3.114825639600000209e-12
8.221499999999999773e+02 3.124383758999999922e-12
8.223399999999999181e+02 3.125895254799999770e-12
8.225299999999999727e+02 3.042447991699999741e-12
8.227200000000000273e+02 2.983404854400000227e-12
8.229100000000000819e+02 3.078901306799999865e-12
8.231000000000000227e+02 3.154102738000000009e-12
8.232899999999999636e+02 3.233043364199999994e-12
8.234799999999999045e+02 3.271941318799999640e-12
8.236700000000000728e+02 3.336357702000000359e-12
8.238600000000000136e+02 3.451734480600000260e-12
8.240499999999999545e+02 3.433478489499999898e-12
8.242400000000000091e+02 3.397261765599999713e-12
8.244299999999999500e+02 3.464279592899999850e-12
8.246200000000001182e+02 3.487408688200000412e-12
8.248100000000000591e+02 3.516016564200000180e-12
8.250000000000000000e+02 3.422000999999999930e-12
8.251899999999999409e+02 3.229925690399999590e-12
8.253799999999998818e+02 3.163607255799999528e-12
8.255700000000000500e+02 3.149970590700000395e-12
8.257599999999999909e+02 3.212280718400000346e-12
8.259500000000000455e+02 3.385825094500000096e-12
8.261399999999999864e+02 3.503296238400000048e-12
8.263299999999999272e+02 3.538146740799999854e-12
8.265200000000000955e+02 3.563474858400000071e-12
8.267100000000000364e+02 3.480887256300000357e-12
8.268999999999999773e+02 3.314049819999999654e-12
8.270899999999999181e+02 3.216900387799999967e-12
8.272799999999999727e+02 3.173727355199999566e-12
8.274700000000000273e+02 3.201233189000000260e-12
8.276600000000000819e+02 3.253051417200000017e-12
8.278500000000000227e+02 3.208961840999999829e-12
8.280399999999999636e+02 3.155975095199999796e-12
8.282299999999999045e+02 3.151820982700000110e-12
8.284200000000000728e+02 3.116739713400000114e-12
8.286100000000000136e+02 3.058449226600000066e-12
8.287999999999999545e+02 2.961459871999999806e-12
8.289900000000000091e+02 2.950010654400000103e-12
8.291799999999999500e+02 2.982560459999999706e-12
8.293700000000001182e+02 2.941435348300000233e-12
8.295600000000000591e+02 2.958932677200000055e-12
8.297500000000000000e+02 2.943571315000000019e-12
8.299399999999999409e+02 2.901943305799999754e-12
8.301299999999998818e+02 2.839592485799999491e-12
8.303200000000000500e+02 2.756645793600000174e-12
8.305099999999999909e+02 2.830677063600000098e-12
8.307000000000000455e+02 2.901294513000000216e-12
8.308899999999999864e+02 3.019022197199999939e-12
8.310799999999999272e+02 3.013329863999999918e-12
8.312700000000000955e+02 3.003960399000000319e-12
8.314600000000000364e+02 3.032293047000000035e-12
8.316499999999999773e+02 3.075591396999999918e-12
8.318399999999999181e+02 3.119366726399999949e-12
8.320299999999999727e+02 3.137443684899999796e-12
8.322200000000000273e+02 3.140298948000000122e-12
8.324100000000000819e+02 3.185824524300000060e-12
8.326000000000000227e+02 3.008533492000000159e-12
8.327899999999999636e+02 3.009236697599999594e-12
8.329799999999999045e+02 3.131804884799999720e-12
8.331700000000000728e+02 3.149340941500000402e-12
8.333600000000000136e+02 3.011913044800000145e-12
8.335499999999999545e+02 2.965779235499999937e-12
8.337400000000000091e+02 3.058750275399999810e-12
8.339299999999999500e+02 3.110700668099999865e-12
8.341200000000001182e+02 3.212938486800000199e-12
8.343100000000000591e+02 3.132258376100000061e-12
8.345000000000000000e+02 2.945918520000000148e-12
8.346899999999999409e+02 3.018364243499999908e-12
8.348799999999998818e+02 3.045400124799999603e-12
8.350700000000000500e+02 3.040072335000000611e-12
8.352599999999999909e+02 3.076279285200000363e-12
8.354500000000000455e+02 3.151526262499999864e-12
8.356399999999999864e+02 3.106032097999999906e-12
8.358299999999999272e+02 3.148145336699999828e-12
8.360200000000000955e+02 3.108548085400000293e-12
8.362100000000000364e+02 3.150588417000000362e-12
8.363999999999999773e+02 3.086458187999999905e-12
8.365899999999999181e+02 3.172023009899999851e-12
8.367799999999999727e+02 3.305783067999999650e-12
8.369700000000000273e+02 3.303093735300000424e-12
8.371600000000000819e+02 3.142154486000000109e-12
8.373500000000000227e+02 3.008673911499999809e-12
8.375399999999999636e+02 2.965771016999999829e-12
8.377299999999999045e+02 3.061735603999999996e-12
8.379200000000000728e+02 3.081576488000000261e-12
8.381100000000000136e+02 3.050477348099999887e-12
8.382999999999999545e+02 2.969493324000000035e-12
8.384900000000000091e+02 2.899347491799999786e-12
8.386799999999999500e+02 2.808563197199999816e-12
8.388700000000001182e+02 2.852501936700000551e-12
8.390600000000000591e+02 2.993715736400000291e-12
8.392500000000000000e+02 3.022072109999999952e-12
8.394399999999999409e+02 3.039469535199999980e-12
8.396299999999998818e+02 3.076605831199999972e-12
8.398200000000000500e+02 3.158462241600000206e-12
8.400099999999999909e+02 3.211744634600000149e-12
8.402000000000000455e+02 3.233912996000000142e-12
8.403899999999999864e+02 3.186229434299999621e-12
8.405799999999999272e+02 3.223733575399999665e-12
8.407700000000000955e+02 3.225042381400000116e-12
8.409600000000000364e+02 3.250966348799999779e-12
8.411499999999999773e+02 3.262593739499999807e-12
8.413399999999999181e+02 3.322115124000000030e-12
8.415299999999999727e+02 3.393259342499999886e-12
8.417200000000000273e+02 3.312639563200000441e-12
8.419100000000000819e+02 3.106664738200000301e-12
8.421000000000000227e+02 3.043509398999999911e-12
8.422899999999999636e+02 3.085923141699999499e-12
8.424799999999999045e+02 3.060165378399999520e-12
8.426700000000000728e+02 2.945814212700000351e-12
8.428600000000000136e+02 3.021610957000000413e-12
8.430499999999999545e+02 2.995963645999999901e-12
8.432400000000000091e+02 2.607728132400000133e-12
8.434299999999999500e+02 2.247226457699999633e-12
8.436200000000001182e+02 2.280051774000000010e-12
8.438100000000000591e+02 2.576379758700000361e-12
8.440000000000000000e+02 2.611918359999999984e-12
8.441899999999999409e+02 2.350858102499999977e-12
8.443799999999998818e+02 2.193437482199999921e-12
8.445700000000000500e+02 2.208592778500000262e-12
8.447599999999999909e+02 2.233401830800000218e-12
8.449500000000000455e+02 2.201449629000000136e-12
8.451399999999999864e+02 2.013334764999999706e-12
8.453299999999999272e+02 1.854611753499999597e-12
8.455200000000000955e+02 1.904787455999999958e-12
8.457100000000000364e+02 1.930536045399999856e-12
8.458999999999999773e+02 1.981376947000000137e-12
8.460899999999999181e+02 2.039000751900000065e-12
8.462799999999999727e+02 1.991643814799999890e-12
8.464700000000000273e+02 1.911100713100000196e-12
8.466600000000000819e+02 1.859324626200000004e-12
8.468500000000000227e+02 1.863628921000000119e-12
8.470399999999999636e+02 1.916165417599999919e-12
8.472299999999999045e+02 1.966285273199999849e-12
8.474200000000000728e+02 2.004673700399999881e-12
8.476100000000000136e+02 2.029983569500000016e-12
8.477999999999999545e+02 2.089453967999999839e-12
8.479900000000000091e+02 2.093627950699999841e-12
8.481799999999999500e+02 2.079618614799999508e-12
8.483700000000001182e+02 2.123953680899999967e-12
8.485600000000000591e+02 2.204524937600000001e-12
8.487500000000000000e+02 2.245495437499999865e-12
8.489399999999999409e+02 2.324805211200000172e-12
8.491299999999998818e+02 2.377207365399999724e-12
8.493200000000000500e+02 2.342229216400000438e-12
8.495099999999999909e+02 2.215199266199999954e-12
8.497000000000000455e+02 2.177381741000000243e-12
8.498899999999999864e+02 2.235584651599999859e-12
8.500799999999999272e+02 2.309072303999999560e-12
8.502700000000000955e+02 2.203857326500000288e-12
8.504600000000000364e+02 2.103068515600000097e-12
8.506499999999999773e+02 2.101769006999999847e-12
8.508399999999999181e+02 2.131813653599999954e-12
8.510299999999999727e+02 2.160697087599999802e-12
8.512200000000000273e+02 2.169657633600000240e-12
8.514100000000000819e+02 2.102037634900000130e-12
8.516000000000000227e+02 1.980191415999999762e-12
8.517899999999999636e+02 1.975616172299999914e-12
8.519799999999999045e+02 2.008968839999999725e-12
8.521700000000000728e+02 2.037291340699999959e-12
8.523600000000000136e+02 2.188178592000000326e-12
8.525499999999999545e+02 2.262872312000000169e-12
8.527400000000000091e+02 2.280908951999999958e-12
8.529299999999999500e+02 2.296488437099999557e-12
8.531200000000001182e+02 2.319240844799999970e-12
8.533100000000000591e+02 2.348573646100000169e-12
8.535000000000000000e+02 2.385464219999999988e-12
8.536899999999999409e+02 2.372524026599999922e-12
8.538799999999998818e+02 2.318130501599999772e-12
8.540700000000000500e+02 2.392053633900000286e-12
8.542599999999999909e+02 2.399368604599999959e-12
8.544500000000000455e+02 2.464191077499999960e-12
8.546399999999999864e+02 2.534101610399999661e-12
8.548299999999999272e+02 2.563412914199999890e-12
8.550200000000000955e+02 2.640344511000000265e-12
8.552100000000000364e+02 2.656624344000000322e-12
8.553999999999999773e+02 2.716211497999999914e-12
8.555899999999999181e+02 2.673367958099999718e-12
8.557799999999999727e+02 2.612585088599999833e-12
8.559700000000000273e+02 2.508103376100000082e-12
8.561600000000000819e+02 2.526742199999999852e-12
8.563500000000000227e+02 2.635245855000000378e-12
8.565399999999999636e+02 2.709098973600000097e-12
8.567299999999999045e+02 2.740936288999999659e-12
8.569200000000000728e+02 2.643289708800000091e-12
8.571100000000000136e+02 2.619396728800000338e-12
8.572999999999999545e+02 2.622866484999999779e-12
8.574900000000000091e+02 2.693590462499999900e-12
8.576799999999999500e+02 2.746505779999999601e-12
8.578700000000001182e+02 2.764932167400000298e-12
8.580600000000000591e+02 2.775257780399999787e-12
8.582500000000000000e+02 2.777597387499999904e-12
8.584399999999999409e+02 2.821992733999999848e-12
8.586299999999998818e+02 2.820178821299999646e-12
8.588200000000000500e+02 2.812291972000000352e-12
8.590099999999999909e+02 2.806042066000000299e-12
8.592000000000000455e+02 2.835841151999999955e-12
8.593899999999999864e+02 2.877022872499999915e-12
8.595799999999999272e+02 2.865788145199999942e-12
8.597700000000000955e+02 2.898783336600000232e-12
8.599600000000000364e+02 2.925540922000000298e-12
8.601499999999999773e+02 2.998740945000000105e-12
8.603399999999999181e+02 2.977851824999999719e-12
8.605299999999999727e+02 2.971926407999999929e-12
8.607200000000000273e+02 2.988325160800000140e-12
8.609100000000000819e+02 2.943580426500000061e-12
8.611000000000000227e+02 2.899211757000000104e-12
8.612899999999999636e+02 2.811465882500000142e-12
8.614799999999999045e+02 2.780443929599999913e-12
8.616700000000000728e+02 2.778032696700000076e-12
8.618600000000000136e+02 2.838828942400000374e-12
8.620499999999999545e+02 2.839049608500000009e-12
8.622400000000000091e+02 2.797054825600000021e-12
8.624299999999999500e+02 2.786399214099999819e-12
8.626200000000001182e+02 2.787392632200000379e-12
8.628100000000000591e+02 2.774158480600000119e-12
8.630000000000000000e+02 2.753962449999999910e-12
8.631899999999999409e+02 2.845117399500000027e-12
8.633799999999998818e+02 2.854360181399999864e-12
8.635700000000000500e+02 2.847293918400000534e-12
8.637599999999999909e+02 2.879767202399999879e-12
8.639500000000000455e+02 2.870957687000000011e-12
8.641399999999999864e+02 2.933910845199999801e-12
8.643299999999999272e+02 2.891927173799999798e-12
8.645200000000000955e+02 2.859987773600000188e-12
8.647100000000000364e+02 2.848484446500000252e-12
8.648999999999999773e+02 2.926466991000000320e-12
8.650899999999999181e+02 3.034580003799999658e-12
8.652799999999999727e+02 3.044496332799999855e-12
8.654700000000000273e+02 3.113666800200000165e-12
8.656600000000000819e+02 3.081948701800000212e-12
8.658500000000000227e+02 3.051800885500000153e-12
8.660399999999999636e+02 2.967754532399999703e-12
8.662299999999999045e+02 2.942903815100000009e-12
8.664200000000000728e+02 3.048498770000000043e-12
8.666100000000000136e+02 3.136053603600000097e-12
8.667999999999999545e+02 3.173181440000000362e-12
8.669900000000000091e+02 3.174648613099999996e-12
8.671799999999999500e+02 3.140362292999999692e-12
8.673700000000001182e+02 3.098505851000000290e-12
8.675600000000000591e+02 3.191553701200000146e-12
8.677500000000000000e+02 3.260284267500000200e-12
8.679399999999999409e+02 3.225299757599999614e-12
8.681299999999998818e+02 3.218071096999999760e-12
8.683200000000000500e+02 3.158236137600000272e-12
8.685099999999999909e+02 3.298722571400000292e-12
8.687000000000000455e+02 3.088775780999999887e-12
8.688899999999999864e+02 2.877546457499999724e-12
8.690799999999999272e+02 2.824727269999999616e-12
8.692700000000000955e+02 2.736966136600000423e-12
8.694600000000000364e+02 2.713489019400000001e-12
8.696499999999999773e+02 2.735257966000000126e-12
8.698399999999999181e+02 2.824248702399999786e-12
8.700299999999999727e+02 2.873369778299999668e-12
8.702200000000000273e+02 2.973393802600000208e-12
8.704100000000000819e+02 3.051544306699999988e-12
8.706000000000000227e+02 3.045889865999999870e-12
8.707899999999999636e+02 2.888575880099999675e-12
8.709799999999999045e+02 2.826730750799999612e-12
8.711700000000000728e+02 2.863074069900000330e-12
8.713600000000000136e+02 2.861154128000000046e-12
8.715499999999999545e+02 2.785430222499999984e-12
8.717400000000000091e+02 2.805904407599999865e-12
8.719299999999999500e+02 2.916658165799999858e-12
8.721200000000001182e+02 2.996534550400000550e-12
8.723100000000000591e+02 3.033335901600000084e-12
8.725000000000000000e+02 3.096066250000000010e-12
8.726899999999999409e+02 3.264680928599999793e-12
8.728799999999998818e+02 3.301293261599999450e-12
8.730700000000000500e+02 3.207982215900000188e-12
8.732599999999999909e+02 3.120690668600000294e-12
8.734500000000000455e+02 3.071740225500000109e-12
8.736399999999999864e+02 3.123848338800000072e-12
8.738299999999999272e+02 3.156370081300000055e-12
8.740200000000000955e+02 3.281700374400000277e-12
8.742100000000000364e+02 3.359309282800000294e-12
8.743999999999999773e+02 3.460114471999999736e-12
8.745899999999999181e+02 3.456318458699999999e-12
8.747799999999999727e+02 3.283093078999999526e-12
8.749700000000000273e+02 3.327633405800000192e-12
8.751600000000000819e+02 3.443850867600000045e-12
8.753500000000000227e+02 3.393959541000000238e-12
8.755399999999999636e+02 3.436065485399999803e-12
8.757299999999999045e+02 3.520110579899999401e-12
8.759200000000000728e+02 3.639964392800000518e-12
8.761100000000000136e+02 3.615662164499999937e-12
8.762999999999999545e+02 3.469070150999999933e-12
8.764900000000000091e+02 3.348367097999999802e-12
8.766799999999999500e+02 3.424110443599999693e-12
8.768700000000001182e+02 3.604137380100000371e-12
8.770600000000000591e+02 3.835874533600000211e-12
8.772500000000000000e+02 3.918000267499999656e-12
8.774399999999999409e+02 3.920779219200000323e-12
8.776299999999998818e+02 3.799462124899999663e-12
8.778200000000000500e+02 3.589511318400000287e-12
8.780099999999999909e+02 3.637209105600000119e-12
8.782000000000000455e+02 3.631971740000000037e-12
8.783899999999999864e+02 3.713780216599999946e-12
8.785799999999999272e+02 3.790976056200000015e-12
8.787700000000000955e+02 3.802314762200000519e-12
8.789600000000000364e+02 3.823291418399999779e-12
8.791499999999999773e+02 3.831282951000000266e-12
8.793399999999999181e+02 3.799337957799999624e-12
8.795299999999999727e+02 3.960611542999999525e-12
8.797200000000000273e+02 3.958898349600000700e-12
8.799100000000000819e+02 3.653456712800000581e-12
8.801000000000000227e+02 3.417657126000000126e-12
8.802899999999999636e+02 3.379063588199999971e-12
8.804799999999999045e+02 3.519437046399999417e-12
8.806700000000000728e+02 3.598717047800000626e-12
8.808600000000000136e+02 3.796938221400000074e-12
8.810499999999999545e+02 4.042248589499999997e-12
8.812400000000000091e+02 4.194182468399999828e-12
8.814299999999999500e+02 4.329513645600000022e-12
8.816200000000001182e+02 4.415884704600000913e-12
8.818100000000000591e+02 4.302641987300000276e-12
8.820000000000000000e+02 4.023992700000000450e-12
8.821899999999999409e+02 3.698158123799999830e-12
8.823799999999998818e+02 3.624605268799999732e-12
8.825700000000000500e+02 3.744320876400000403e-12
8.827599999999999909e+02 3.926790135600000213e-12
8.829500000000000455e+02 4.137989322499999913e-12
8.831399999999999864e+02 4.158326509799999802e-12
8.833299999999999272e+02 4.203970635899999923e-12
8.835200000000000955e+02 4.287890428800000749e-12
8.837100000000000364e+02 4.251387416399999718e-12
8.838999999999999773e+02 4.238256305000000287e-12
8.840899999999999181e+02 4.304510437400000460e-12
8.842799999999999727e+02 4.179920817600000131e-12
8.844700000000000273e+02 3.977726931000000716e-12
8.846600000000000819e+02 3.874678101000000290e-12
8.848500000000000227e+02 3.936750741000000075e-12
8.850399999999999636e+02 4.237412212799999870e-12
8.852299999999999045e+02 4.595627283499999649e-12
8.854200000000000728e+02 4.461622525800001156e-12
8.856100000000000136e+02 4.112684279000000120e-12
8.857999999999999545e+02 3.702900881999999782e-12
8.859900000000000091e+02 3.281361423899999711e-12
8.861799999999999500e+02 3.259502966999999543e-12
8.863700000000001182e+02 3.495373503900000159e-12
8.865600000000000591e+02 3.594247224000000003e-12
8.867500000000000000e+02 3.354442237500000072e-12
8.869399999999999409e+02 2.993910317000000152e-12
8.871299999999998818e+02 2.858927237099999848e-12
8.873200000000000500e+02 2.907241867600000146e-12
8.875099999999999909e+02 3.158932093199999965e-12
8.877000000000000455e+02 3.429238361999999916e-12
8.878899999999999864e+02 3.556869582199999899e-12
8.880799999999999272e+02 3.397154662399999786e-12
8.882700000000000955e+02 3.137147572500000514e-12
8.884600000000000364e+02 3.193267393600000099e-12
8.886499999999999773e+02 3.369591956500000095e-12
8.888399999999999181e+02 3.525148328399999914e-12
8.890299999999999727e+02 3.560396234300000005e-12
8.892200000000000273e+02 3.445185075800000549e-12
8.894100000000000819e+02 3.324730203300000123e-12
8.896000000000000227e+02 3.307470528000000048e-12
8.897899999999999636e+02 3.451103902399999859e-12
8.899799999999999045e+02 3.600992576999999794e-12
8.901700000000000728e+02 3.719424016100000100e-12
8.903600000000000136e+02 3.864527447600000516e-12
8.905499999999999545e+02 3.887473387499999728e-12
8.907400000000000091e+02 3.750336066399999574e-12
8.909299999999999500e+02 3.658630772899999839e-12
8.911200000000001182e+02 3.755473749600000513e-12
8.913100000000000591e+02 3.872198250900000173e-12
8.915000000000000000e+02 3.920683274999999680e-12
8.916899999999999409e+02 3.910711583699999426e-12
8.918799999999998818e+02 3.870937575999999440e-12
8.920700000000000500e+02 3.919969676800000469e-12
8.922599999999999909e+02 3.765274741799999943e-12
8.924500000000000455e+02 3.820846185000000525e-12
8.926399999999999864e+02 3.815384372800000016e-12
8.928299999999999272e+02 3.894676241099999855e-12
8.930200000000000955e+02 4.069456419200000856e-12
8.932100000000000364e+02 4.222489497200000320e-12
8.933999999999999773e+02 4.225174488000000413e-12
8.935899999999999181e+02 3.847762796400000271e-12
8.937799999999999727e+02 3.583566220999999812e-12
8.939700000000000273e+02 3.561433444800000240e-12
8.941600000000000819e+02 3.571731061600000004e-12
8.943500000000000227e+02 3.589903012999999987e-12
8.945399999999999636e+02 3.610774928399999879e-12
8.947299999999999045e+02 3.751092893899999367e-12
8.949200000000000728e+02 3.763433923600000139e-12
8.951100000000000136e+02 3.590876982600000176e-12
8.952999999999999545e+02 3.629528294000000203e-12
8.954900000000000091e+02 3.800423740399999316e-12
8.956799999999999500e+02 3.949178515200000208e-12
8.958700000000001182e+02 3.889939209600000731e-12
8.960600000000000591e+02 3.726623933999999686e-12
8.962500000000000000e+02 3.687253162500000276e-12
8.964399999999999409e+02 3.587095695599999609e-12
8.966299999999998818e+02 3.636139504199999875e-12
8.968200000000000500e+02 3.719838964200000590e-12
8.970099999999999909e+02 3.773066252700000372e-12
8.972000000000000455e+02 3.737098188000000452e-12
8.973899999999999864e+02 3.902085041399999421e-12
8.975799999999999272e+02 4.124748107799999230e-12
8.977700000000000955e+02 4.077446897500000873e-12
8.979600000000000364e+02 3.925459078800000271e-12
8.981499999999999773e+02 4.012413272999999798e-12
8.983399999999999181e+02 4.155029118200000031e-12
8.985299999999999727e+02 4.020149014199999366e-12
8.987200000000000273e+02 3.670651083200000275e-12
8.989100000000000819e+02 3.566775999900000395e-12
8.991000000000000227e+02 3.801808385999999858e-12
8.992899999999999636e+02 4.045366135999999997e-12
8.994799999999999045e+02 4.132139161599999748e-12
8.996700000000000728e+02 3.965484455700000148e-12
8.998600000000000136e+02 3.791056188399999996e-12
9.000499999999999545e+02 3.887666969499999775e-12
9.002400000000000091e+02 4.123999439999999795e-12
9.004299999999999500e+02 4.258007409799999752e-12
9.006200000000001182e+02 4.261274523799999900e-12
9.008100000000000591e+02 4.204152334800000641e-12
9.010000000000000000e+02 4.196569680000000219e-12
9.011899999999999409e+02 4.249074802399999654e-12
9.013799999999998818e+02 4.163555344200000006e-12
9.015700000000000500e+02 4.005774682700000238e-12
9.017599999999999909e+02 3.990134700799999944e-12
9.019500000000000455e+02 3.942594820500000167e-12
9.021399999999999864e+02 3.821816874599999790e-12
9.023299999999999272e+02 3.732063949899999611e-12
9.025200000000000955e+02 3.715160403600000616e-12
9.027100000000000364e+02 3.816224579200000155e-12
9.028999999999999773e+02 3.996939661999999550e-12
9.030899999999999181e+02 4.184295927899999426e-12
9.032799999999999727e+02 4.295159629599998877e-12
9.034700000000000273e+02 4.416360123400000098e-12
9.036600000000000819e+02 4.513067808599999946e-12
9.038500000000000227e+02 4.538981045499999650e-12
9.040399999999999636e+02 4.390334653999999664e-12
9.042299999999999045e+02 4.354482326399999925e-12
9.044200000000000728e+02 4.427244430399999985e-12
9.046100000000000136e+02 4.486956061000000700e-12
9.047999999999999545e+02 4.526135328000000375e-12
9.049900000000000091e+02 4.346078726499999616e-12
9.051799999999999500e+02 4.259632251200000146e-12
9.053700000000001182e+02 4.369315620000000264e-12
9.055600000000000591e+02 4.282266461600000499e-12
9.057500000000000000e+02 4.140726699999999981e-12
9.059399999999999409e+02 4.150210793399999806e-12
9.061299999999998818e+02 4.133375424099999713e-12
9.063200000000000500e+02 4.065534003200000536e-12
9.065099999999999909e+02 4.045364330700000742e-12
9.067000000000000455e+02 3.928749234000000273e-12
9.068899999999999864e+02 3.854735945000000437e-12
9.070799999999999272e+02 3.986008856399999432e-12
9.072700000000000955e+02 4.138203633200000497e-12
9.074600000000000364e+02 4.345308687799999829e-12
9.076499999999999773e+02 4.380182752499999915e-12
9.078399999999999181e+02 4.353737366399999955e-12
9.080299999999999727e+02 4.319852841699999501e-12
9.082200000000000273e+02 4.291739116799999803e-12
9.084100000000000819e+02 4.205565851900000191e-12
9.086000000000000227e+02 4.047004346000000237e-12
9.087899999999999636e+02 4.081030549799999950e-12
9.089799999999999045e+02 4.223039271800000235e-12
9.091700000000000728e+02 4.385317853100000416e-12
9.093600000000000136e+02 4.458219242399999769e-12
9.095499999999999545e+02 4.487737891000000305e-12
9.097400000000000091e+02 4.468670172199999969e-12
9.099299999999999500e+02 4.464935516999999444e-12
9.101200000000001182e+02 4.590763595600000319e-12
9.103100000000000591e+02 4.523812854299999779e-12
9.105000000000000000e+02 4.325922075000000197e-12
9.106899999999999409e+02 4.383742918499999531e-12
9.108799999999998818e+02 4.638246503999999420e-12
9.110700000000000500e+02 4.799516760000000766e-12
9.112599999999999909e+02 4.852477725200000234e-12
9.114500000000000455e+02 4.681289230499999518e-12
9.116399999999999864e+02 4.488040185599999693e-12
9.118299999999999272e+02 4.593033602799999433e-12
9.120200000000000955e+02 4.775847451200000602e-12
9.122100000000000364e+02 4.794685225200000509e-12
9.123999999999999773e+02 4.825154407999999351e-12
9.125899999999999181e+02 4.788113330699999196e-12
9.127799999999999727e+02 4.666861583999999986e-12
9.129700000000000273e+02 4.589892767100000181e-12
9.131600000000000819e+02 4.634917080399999963e-12
9.133500000000000227e+02 4.552383004500000413e-12
9.135399999999999636e+02 4.453461823000000601e-12
9.137299999999999045e+02 4.483563462399999510e-12
9.139200000000000728e+02 4.561941350400001016e-12
9.141100000000000136e+02 4.685590743500000670e-12
9.142999999999999545e+02 4.843906542000000389e-12
9.144900000000000091e+02 4.954908007799999747e-12
9.146799999999999500e+02 4.915289090399999937e-12
9.148700000000001182e+02 4.632169784000000434e-12
9.150600000000000591e+02 4.412620633200000336e-12
9.152500000000000000e+02 4.436006242499999888e-12
9.154399999999999409e+02 4.650426045599999482e-12
9.156299999999998818e+02 4.936692395399999957e-12
9.158200000000000500e+02 4.919803356400000215e-12
9.160099999999999909e+02 4.825302517400000535e-12
9.162000000000000455e+02 4.934066832000000164e-12
9.163899999999999864e+02 5.098519042999999642e-12
9.165799999999999272e+02 5.171344359999999422e-12
9.167700000000000955e+02 5.114320625100000319e-12
9.169600000000000364e+02 4.954133148800000256e-12
9.171499999999999773e+02 4.823071733999999868e-12
9.173399999999999181e+02 4.660472482800000204e-12
9.175299999999999727e+02 4.763090911299999407e-12
9.177200000000000273e+02 4.843276477199999852e-12
9.179100000000000819e+02 4.993109131500000012e-12
9.181000000000000227e+02 4.980049830000000517e-12
9.182899999999999636e+02 4.915753296400000334e-12
9.184799999999999045e+02 4.951369538399999840e-12
9.186700000000000728e+02 5.156816244499999860e-12
9.188600000000000136e+02 5.459820177000000092e-12
9.190499999999999545e+02 5.310307662000000098e-12
9.192400000000000091e+02 5.064304585200000438e-12
9.194299999999999500e+02 5.068532566699998935e-12
9.196200000000001182e+02 5.280458040000000705e-12
9.198100000000000591e+02 5.398677625400000408e-12
9.200000000000000000e+02 5.389056400000000003e-12
9.201899999999999409e+02 5.362085158500000389e-12
9.203799999999998818e+02 5.252056431999999874e-12
9.205700000000000500e+02 4.906895859600000150e-12
9.207599999999999909e+02 4.766627198400000713e-12
9.209500000000000455e+02 4.710797392500000030e-12
9.211399999999999864e+02 4.863978444599999317e-12
9.213299999999999272e+02 4.865442383699998991e-12
9.215200000000000955e+02 4.774607069600000491e-12
9.217100000000000364e+02 4.966827894100000340e-12
9.218999999999999773e+02 4.916870679000000495e-12
9.220899999999999181e+02 4.893808257000000510e-12
9.222799999999999727e+02 4.933838310799999794e-12
9.224700000000000273e+02 4.961763186600001115e-12
9.226600000000000819e+02 4.967287735600000301e-12
9.228500000000000227e+02 4.893670522999999648e-12
9.230399999999999636e+02 4.795848158399999480e-12
9.232299999999999045e+02 4.799918931499999586e-12
9.234200000000000728e+02 4.741235350600000225e-12
9.236100000000000136e+02 4.623212979899999994e-12
9.237999999999999545e+02 4.674178573999999392e-12
9.239900000000000091e+02 4.861129869800000403e-12
9.241799999999999500e+02 4.911443708399999367e-12
9.243700000000001182e+02 4.828853417800000153e-12
9.245600000000000591e+02 4.687297305600000717e-12
9.247500000000000000e+02 4.662080887500000373e-12
9.249399999999999409e+02 4.564939626599999868e-12
9.251299999999998818e+02 4.633328578999999867e-12
9.253200000000000500e+02 4.796312941200000151e-12
9.255099999999999909e+02 5.024732616499999500e-12
9.257000000000000455e+02 5.077862550999999758e-12
9.258899999999999864e+02 4.973427393899999645e-12
9.260799999999999272e+02 4.957926713599999742e-12
9.262700000000000955e+02 5.072087791400000264e-12
9.264600000000000364e+02 5.204148170400000096e-12
9.266499999999999773e+02 5.228743089499999490e-12
9.268399999999999181e+02 5.093504830399999843e-12
9.270299999999999727e+02 4.974044357099999941e-12
9.272200000000000273e+02 4.862573485000000426e-12
9.274100000000000819e+02 4.786622684800000481e-12
9.276000000000000227e+02 4.520018556000000144e-12
9.277899999999999636e+02 4.401213090399999251e-12
9.279799999999999045e+02 4.553811295399999645e-12
9.281700000000000728e+02 4.716839277900001028e-12
9.283600000000000136e+02 4.721026242399999822e-12
9.285499999999999545e+02 4.660940294499999266e-12
9.287400000000000091e+02 4.554030152999999722e-12
9.289299999999999500e+02 4.555723531099999720e-12
9.291200000000001182e+02 4.552065489600000165e-12
9.293100000000000591e+02 4.511316808800000505e-12
9.295000000000000000e+02 4.416807394999999908e-12
9.296899999999999409e+02 4.192195335600000044e-12
9.298799999999998818e+02 4.110646125599999822e-12
9.300700000000000500e+02 4.091219818100000531e-12
9.302599999999999909e+02 4.182951300400000398e-12
9.304500000000000455e+02 4.219199961000000062e-12
9.306399999999999864e+02 3.972194873599999891e-12
9.308299999999999272e+02 3.983589376299999590e-12
9.310200000000000955e+02 4.230964528800000450e-12
9.312100000000000364e+02 4.322928246699999941e-12
9.313999999999999773e+02 3.880445249999999772e-12
9.315899999999999181e+02 3.523049798399999954e-12
9.317799999999999727e+02 3.775181212399999567e-12
9.319700000000000273e+02 4.004833524900000030e-12
9.321600000000000819e+02 3.747273878400000560e-12
9.323500000000000227e+02 3.495892942499999882e-12
9.325399999999999636e+02 3.650735568199999936e-12
9.327299999999999045e+02 4.129484856300000065e-12
9.329200000000000728e+02 4.194287040400000514e-12
9.331100000000000136e+02 3.859408277700000141e-12
9.332999999999999545e+02 3.557226285000000137e-12
9.334900000000000091e+02 3.500764863100000081e-12
9.336799999999999500e+02 3.742572248800000000e-12
9.338700000000001182e+02 3.762580907400000192e-12
9.340600000000000591e+02 3.345345230599999972e-12
9.342500000000000000e+02 2.887178172500000058e-12
9.344399999999999409e+02 3.175946638800000050e-12
9.346299999999998818e+02 3.961653566199999301e-12
9.348200000000000500e+02 4.313773631000000393e-12
9.350099999999999909e+02 4.049780762699999764e-12
9.352000000000000455e+02 3.595067783999999993e-12
9.353899999999999864e+02 3.348359459600000269e-12
9.355799999999999272e+02 3.218339065199999976e-12
9.357700000000000955e+02 3.516698521600000215e-12
9.359600000000000364e+02 4.106505780799999839e-12
9.361499999999999773e+02 4.364864905499999466e-12
9.363399999999999181e+02 3.988789673199999880e-12
9.365299999999999727e+02 3.591236668599999852e-12
9.367200000000000273e+02 3.408424329600000059e-12
9.369100000000000819e+02 3.210828046400000161e-12
9.371000000000000227e+02 3.427387024000000334e-12
9.372899999999999636e+02 3.905977989899999452e-12
9.374799999999999045e+02 3.889763891599999466e-12
9.376700000000000728e+02 3.679660874200000222e-12
9.378600000000000136e+02 3.578629916399999896e-12
9.380499999999999545e+02 3.696245317500000091e-12
9.382400000000000091e+02 4.093869503999999790e-12
9.384299999999999500e+02 4.116160434600000044e-12
9.386200000000001182e+02 4.245997749200000627e-12
9.388100000000000591e+02 4.464351357300000200e-12
9.390000000000000000e+02 4.691168880000000497e-12
9.391899999999999409e+02 4.905229707700000482e-12
9.393799999999998818e+02 4.852019819400000237e-12
9.395700000000000500e+02 4.603413819300000441e-12
9.397599999999999909e+02 4.380728830400000013e-12
9.399500000000000455e+02 4.223571330000000148e-12
9.401399999999999864e+02 4.480171360199999530e-12
9.403299999999999272e+02 4.626197920799999559e-12
9.405200000000000955e+02 4.620878217200000027e-12
9.407100000000000364e+02 4.582621729499999758e-12
9.408999999999999773e+02 4.493060951999999921e-12
9.410899999999999181e+02 4.650895012699999844e-12
9.412799999999999727e+02 4.634862719999999615e-12
9.414700000000000273e+02 4.554106928099999610e-12
9.416600000000000819e+02 4.568454073400000370e-12
9.418500000000000227e+02 4.673770510500000143e-12
9.420399999999999636e+02 4.899201485199999685e-12
9.422299999999999045e+02 4.774288832299999742e-12
9.424200000000000728e+02 4.430881872000000570e-12
9.426100000000000136e+02 3.825111379999999873e-12
9.427999999999999545e+02 3.757161708000000442e-12
9.429900000000000091e+02 4.424829696599999772e-12
9.431799999999999500e+02 5.037307448600000259e-12
9.433700000000001182e+02 5.021728316600000360e-12
9.435600000000000591e+02 4.645089266400000613e-12
9.437500000000000000e+02 3.896649374999999600e-12
9.439399999999999409e+02 3.482194659999999669e-12
9.441299999999998818e+02 3.481545464099999595e-12
9.443200000000000500e+02 3.998940233600000183e-12
9.445099999999999909e+02 4.495603137200000154e-12
9.447000000000000455e+02 4.663606020000000042e-12
9.448899999999999864e+02 4.742289523199999764e-12
9.450799999999999272e+02 4.699835585999999818e-12
9.452700000000000955e+02 4.522625409599999954e-12
9.454600000000000364e+02 4.196386391599999859e-12
9.456499999999999773e+02 4.068120104499999750e-12
9.458399999999999181e+02 4.040827106399999596e-12
9.460299999999999727e+02 4.073709243299999392e-12
9.462200000000000273e+02 4.549823172400000395e-12
9.464100000000000819e+02 4.716367986300000115e-12
9.466000000000000227e+02 4.629536619999999505e-12
9.467899999999999636e+02 4.670079546600000079e-12
9.469799999999999045e+02 4.786614577799999258e-12
9.471700000000000728e+02 4.759264042400000215e-12
9.473600000000000136e+02 4.586804491200000256e-12
9.475499999999999545e+02 4.864285827000000420e-12
9.477400000000000091e+02 4.879117158400000021e-12
9.479299999999999500e+02 4.335092434600000145e-12
9.481200000000001182e+02 4.196236902000000470e-12
9.483100000000000591e+02 4.835337859000000365e-12
9.485000000000000000e+02 5.318599930000000178e-12
9.486899999999999409e+02 5.459739410700000039e-12
9.488799999999998818e+02 5.575286772000000016e-12
9.490700000000000500e+02 5.288550214499999774e-12
9.492599999999999909e+02 4.684332307200000790e-12
9.494500000000000455e+02 4.512147190999999794e-12
9.496399999999999864e+02 4.606209827200000252e-12
9.498299999999999272e+02 4.475855414100000001e-12
9.500200000000000955e+02 4.454073768000001011e-12
9.502100000000000364e+02 4.860438175200000795e-12
9.503999999999999773e+02 5.450534496000000503e-12
9.505899999999999181e+02 5.802819619599999659e-12
9.507799999999999727e+02 5.862661604799999541e-12
9.509700000000000273e+02 5.825651729700000363e-12
9.511600000000000819e+02 5.606327272000000141e-12
9.513500000000000227e+02 5.217660048000000702e-12
9.515399999999999636e+02 4.889602474799999503e-12
9.517299999999999045e+02 4.730811897499999675e-12
9.519200000000000728e+02 4.748595804800000030e-12
9.521100000000000136e+02 4.657807809899999952e-12
9.522999999999999545e+02 4.856949029000000339e-12
9.524900000000000091e+02 5.184736441499999411e-12
9.526799999999999500e+02 5.150959750799999523e-12
9.528700000000001182e+02 5.418371381899999832e-12
9.530600000000000591e+02 5.532923115800000294e-12
9.532500000000000000e+02 5.314263892500000082e-12
9.534399999999999409e+02 5.284326787199999732e-12
9.536299999999998818e+02 5.322085058099999707e-12
9.538200000000000500e+02 5.382816402599999737e-12
9.540099999999999909e+02 5.345098607699999669e-12
9.542000000000000455e+02 5.092956621999999500e-12
9.543899999999999864e+02 4.968878832599999613e-12
9.545799999999999272e+02 5.021759005999999839e-12
9.547700000000000955e+02 5.227041128200000457e-12
9.549600000000000364e+02 5.336201884800000591e-12
9.551499999999999773e+02 5.125459069500000300e-12
9.553399999999999181e+02 4.961892658999999199e-12
9.555299999999999727e+02 5.070768382799999835e-12
9.557200000000000273e+02 5.413054722000000644e-12
9.559100000000000819e+02 5.605800367599999849e-12
9.561000000000000227e+02 5.493463769999999814e-12
9.562899999999999636e+02 5.254517100099999646e-12
9.564799999999999045e+02 5.139453983999999865e-12
9.566700000000000728e+02 5.350004774399999972e-12
9.568600000000000136e+02 5.563499803800000443e-12
9.570499999999999545e+02 5.818950134500000134e-12
9.572400000000000091e+02 5.966304616799999429e-12
9.574299999999999500e+02 6.012162536399999582e-12
9.576200000000001182e+02 5.678571685599999930e-12
9.578100000000000591e+02 5.402536883100000079e-12
9.580000000000000000e+02 5.336021680000000118e-12
9.581899999999999409e+02 5.731997980899999665e-12
9.583799999999998818e+02 5.811530065799999504e-12
9.585700000000000500e+02 5.586459688699999789e-12
9.587599999999999909e+02 5.236948459600001038e-12
9.589500000000000455e+02 5.780032766999999796e-12
9.591399999999999864e+02 6.279988332799999373e-12
9.593299999999999272e+02 6.345373165399999363e-12
9.595200000000000955e+02 6.379906051200000534e-12
9.597100000000000364e+02 5.310708838599999795e-12
9.598999999999999773e+02 5.390510429999999904e-12
9.600899999999999181e+02 5.608279326899999964e-12
9.602799999999999727e+02 5.619472134799999386e-12
9.604700000000000273e+02 5.613457310300000733e-12
9.606600000000000819e+02 5.826489359399999877e-12
9.608500000000000227e+02 6.074051708999999840e-12
9.610399999999999636e+02 6.815647627999999285e-12
9.612299999999999045e+02 6.294903023999999926e-12
9.614200000000000728e+02 5.631921446400001050e-12
9.616100000000000136e+02 5.667104293500000624e-12
9.617999999999999545e+02 5.752545036000000575e-12
9.619900000000000091e+02 5.563938522200000266e-12
9.621799999999999500e+02 5.411579352200000211e-12
9.623700000000001182e+02 5.531519909699999878e-12
9.625600000000000591e+02 5.707576524800000626e-12
9.627500000000000000e+02 5.801098262499999795e-12
9.629399999999999409e+02 6.001051709399999634e-12
9.631299999999998818e+02 6.056556323299999744e-12
9.633200000000000500e+02 5.688838094000000933e-12
9.635099999999999909e+02 5.060315979599999540e-12
9.637000000000000455e+02 4.612008000999999879e-12
9.638899999999999864e+02 4.832375764899999551e-12
9.640799999999999272e+02 5.319108943199999550e-12
9.642700000000000955e+02 5.321545777100000401e-12
9.644600000000000364e+02 5.209125616800000197e-12
9.646499999999999773e+02 5.327761949999999822e-12
9.648399999999999181e+02 5.422468338799999420e-12
9.650299999999999727e+02 5.642240900999999678e-12
9.652200000000000273e+02 5.852360512800000605e-12
9.654100000000000819e+02 5.925464535700000331e-12
9.656000000000000227e+02 5.870664536000000191e-12
9.657899999999999636e+02 5.773560225300000007e-12
9.659799999999999045e+02 5.717181609399999494e-12
9.661700000000000728e+02 5.677842930500000270e-12
9.663600000000000136e+02 5.769671707200000744e-12
9.665499999999999545e+02 5.997771377000000527e-12
9.667400000000000091e+02 6.018952242199999442e-12
9.669299999999999500e+02 5.921856422699999597e-12
9.671200000000001182e+02 5.917304377600001069e-12
9.673100000000000591e+02 5.772790002800000398e-12
9.675000000000000000e+02 5.752058399999999509e-12
9.676899999999999409e+02 5.792689108999999627e-12
9.678799999999998818e+02 6.059470812799999075e-12
9.680700000000000500e+02 6.262648124700000722e-12
9.682599999999999909e+02 6.180771518800000397e-12
9.684500000000000455e+02 6.243413144499999519e-12
9.686399999999999864e+02 6.165509836799999574e-12
9.688299999999999272e+02 6.148117673599999368e-12
9.690200000000000955e+02 6.281439585200000987e-12
9.692100000000000364e+02 6.447805214400000173e-12
9.693999999999999773e+02 6.524158940000000055e-12
9.695899999999999181e+02 6.346267122899999799e-12
9.697799999999999727e+02 6.401934785399999564e-12
9.699700000000000273e+02 6.403140558600000163e-12
9.701600000000000819e+02 6.159652557600000738e-12
9.703500000000000227e+02 6.117270766499999752e-12
9.705399999999999636e+02 6.146119247200000128e-12
9.707299999999999045e+02 6.387510180299999642e-12
9.709200000000000728e+02 6.613800238800000450e-12
9.711100000000000136e+02 6.756546380500000078e-12
9.712999999999999545e+02 6.794389194999999789e-12
9.714900000000000091e+02 6.686105056799999423e-12
9.716799999999999500e+02 6.666579878399999470e-12
9.718700000000001182e+02 6.750929737100000056e-12
9.720600000000000591e+02 6.627048211800000726e-12
9.722500000000000000e+02 6.531857452500000062e-12
9.724399999999999409e+02 6.620575732399999769e-12
9.726299999999998818e+02 6.406558189199999422e-12
9.728200000000000500e+02 6.188185845599999874e-12
9.730099999999999909e+02 6.324584460200000323e-12
9.732000000000000455e+02 6.587318304000000352e-12
9.733899999999999864e+02 6.514947939499999778e-12
9.735799999999999272e+02 6.467297223999999357e-12
9.737700000000000955e+02 6.593698538700001203e-12
9.739600000000000364e+02 6.359929581200000712e-12
9.741499999999999773e+02 6.032803793500000685e-12
9.743399999999999181e+02 5.976309258000000128e-12
9.745299999999999727e+02 6.159575336799999646e-12
9.747200000000000273e+02 6.092653062400000453e-12
9.749100000000000819e+02 6.043798559400000234e-12
9.751000000000000227e+02 6.205682664999999709e-12
9.752899999999999636e+02 6.274996354200000001e-12
9.754799999999999045e+02 6.138812697599999789e-12
9.756700000000000728e+02 6.126427064000000052e-12
9.758600000000000136e+02 6.206254910800000603e-12
9.760499999999999545e+02 6.253913488499999514e-12
9.762400000000000091e+02 6.176123785600000370e-12
9.764299999999999500e+02 6.455237315800000229e-12
9.766200000000001182e+02 6.595280885400001129e-12
9.768100000000000591e+02 6.584373398900000123e-12
9.770000000000000000e+02 6.495604040000000140e-12
9.771899999999999409e+02 6.564889454700000250e-12
9.773799999999998818e+02 6.687624911999999351e-12
9.775700000000000500e+02 6.647260934600000321e-12
9.777599999999999909e+02 6.564221092800000130e-12
9.779500000000000455e+02 6.111571391499999845e-12
9.781399999999999864e+02 6.119517719200000244e-12
9.783299999999999272e+02 6.086151796799999396e-12
9.785200000000000955e+02 6.238094355600000040e-12
9.787100000000000364e+02 6.550623475199999789e-12
9.788999999999999773e+02 6.559882992000000081e-12
9.790899999999999181e+02 6.757630225499999058e-12
9.792799999999999727e+02 7.152181272799999922e-12
9.794700000000000273e+02 7.061626090799999728e-12
9.796600000000000819e+02 7.312936578199999676e-12
9.798500000000000227e+02 7.174001170499999939e-12
9.800399999999999636e+02 6.995731328400000374e-12
9.802299999999999045e+02 6.889732798699999201e-12
9.804200000000000728e+02 6.944285447400001181e-12
9.806100000000000136e+02 7.058675932500000609e-12
9.807999999999999545e+02 7.095450479999999735e-12
9.809900000000000091e+02 6.914508015000000175e-12
9.811799999999999500e+02 6.731728802999999246e-12
9.813700000000001182e+02 6.600635737800000795e-12
9.815600000000000591e+02 6.732559302400000470e-12
9.817500000000000000e+02 6.786248699999999338e-12
9.819399999999999409e+02 6.584634335600000125e-12
9.821299999999998818e+02 6.549422296699999591e-12
9.823200000000000500e+02 8.182313025600001019e-12
9.825099999999999909e+02 8.668833106500000704e-12
9.827000000000000455e+02 6.970939681999999773e-12
9.828899999999999864e+02 6.588321498899999630e-12
9.830799999999999272e+02 6.822113152399999620e-12
9.832700000000000955e+02 7.033399138900000972e-12
9.834600000000000364e+02 6.884770737600000378e-12
9.836499999999999773e+02 6.858479951999999982e-12
9.838399999999999181e+02 7.064581180799999862e-12
9.840299999999999727e+02 7.149312520199999144e-12
9.842200000000000273e+02 7.297568085400000552e-12
9.844100000000000819e+02 7.282556894900000816e-12
9.846000000000000227e+02 7.264556027999999929e-12
9.847899999999999636e+02 7.275884565400000010e-12
9.849799999999999045e+02 7.236441214200000051e-12
9.851700000000000728e+02 7.321310558400000487e-12
9.853600000000000136e+02 7.362925235200000161e-12
9.855499999999999545e+02 7.556123150499998892e-12
9.857400000000000091e+02 7.319415221999999688e-12
9.859299999999999500e+02 7.237761426500000017e-12
9.861200000000001182e+02 7.348585962399999987e-12
9.863100000000000591e+02 7.502386741199999921e-12
9.865000000000000000e+02 7.106627620000000385e-12
9.866899999999999409e+02 7.103210910699999354e-12
9.868799999999998818e+02 7.033197695999999163e-12
9.870700000000000500e+02 6.940641929200000371e-12
9.872599999999999909e+02 7.079661205200000272e-12
9.874500000000000455e+02 7.354260988500000344e-12
9.876399999999999864e+02 7.445304387199999908e-12
9.878299999999999272e+02 7.582701619599999485e-12
9.880200000000000955e+02 7.601845640400000990e-12
9.882100000000000364e+02 7.636709002200000646e-12
9.883999999999999773e+02 7.715717267999999219e-12
9.885899999999999181e+02 7.791235964400000264e-12
9.887799999999999727e+02 8.027796054199999387e-12
9.889700000000000273e+02 7.806751165399999803e-12
9.891600000000000819e+02 7.492817758799999204e-12
9.893500000000000227e+02 7.248522242499999412e-12
9.895399999999999636e+02 6.754253700999999906e-12
9.897299999999999045e+02 6.257162135699999239e-12
9.899200000000000728e+02 5.971128145600000105e-12
9.901100000000000136e+02 5.684053191299999901e-12
9.902999999999999545e+02 5.727182183999999998e-12
9.904900000000000091e+02 5.252637804299999525e-12
9.906799999999999500e+02 5.154587294399999983e-12
9.908700000000001182e+02 5.420940774300000189e-12
9.910600000000000591e+02 5.491503102400000276e-12
9.912500000000000000e+02 5.409974862500000201e-12
9.914399999999999409e+02 5.195571919199999522e-12
9.916299999999998818e+02 5.588370530199999680e-12
9.918200000000000500e+02 5.606242713600000875e-12
9.920099999999999909e+02 5.594589196499999946e-12
9.922000000000000455e+02 5.689374020000000079e-12
9.923899999999999864e+02 5.510890528499999947e-12
9.925799999999999272e+02 5.675244888599999514e-12
9.927700000000000955e+02 5.969595503899999630e-12
9.929600000000000364e+02 6.354000687999999762e-12
9.931499999999999773e+02 6.167292664500000330e-12
9.933399999999999181e+02 5.881516472999999810e-12
9.935299999999999727e+02 6.063414236999999948e-12
9.937200000000000273e+02 6.127804191600000875e-12
9.939100000000000819e+02 6.477947572400000176e-12
