6.160000000000000000e+02 4.146376079999999897e-14
6.161899999999999409e+02 4.297524726500000003e-14
6.163799999999999955e+02 3.678950323199999881e-14
6.165699999999999363e+02 2.860847805800000108e-14
6.167599999999999909e+02 3.100816408400000542e-14
6.169500000000000455e+02 4.710456436499999721e-14
6.171399999999999864e+02 3.833753908200000095e-14
6.173300000000000409e+02 2.263965175499999908e-14
6.175199999999999818e+02 4.341381732000000194e-14
6.177100000000000364e+02 4.633646554299999716e-14
6.178999999999999773e+02 4.279816380999999897e-14
6.180899999999999181e+02 4.069424208299999502e-14
6.182799999999999727e+02 3.817885182799999897e-14
6.184700000000000273e+02 3.439930139999999687e-14
6.186600000000000819e+02 3.349029297600000069e-14
6.188500000000000227e+02 2.459415104499999892e-14
6.190399999999999636e+02 3.258378943999999782e-14
6.192300000000000182e+02 3.294241677000000153e-14
6.194199999999999591e+02 2.498504900399999907e-14
6.196100000000000136e+02 4.926903268200000076e-14
6.197999999999999545e+02 3.783513318000000173e-14
6.199900000000000091e+02 3.647196573299999944e-14
6.201800000000000637e+02 4.031566915199999981e-14
6.203700000000000045e+02 3.491374119300000311e-14
6.205600000000000591e+02 4.292413520000000183e-14
6.207500000000000000e+02 3.315351260000000131e-14
6.209399999999999409e+02 2.866041710999999697e-14
6.211299999999999955e+02 3.316268971700000235e-14
6.213199999999999363e+02 3.318960962799999563e-14
6.215099999999999909e+02 3.447416528400000275e-14
6.217000000000000455e+02 3.535004850999999494e-14
6.218899999999999864e+02 2.996937661199999678e-14
6.220800000000000409e+02 2.792199859199999982e-14
6.222699999999999818e+02 2.914687789200000182e-14
6.224600000000000364e+02 2.913778832199999906e-14
6.226499999999999773e+02 3.881027261999999898e-14
6.228399999999999181e+02 4.095353623600000105e-14
6.230299999999999727e+02 3.536966231199999995e-14
6.232200000000000273e+02 3.342796274999999848e-14
6.234100000000000819e+02 3.392341621899999812e-14
6.236000000000000227e+02 3.474156668000000081e-14
6.237899999999999636e+02 4.210095943799999402e-14
6.239800000000000182e+02 4.219533714200000494e-14
6.241699999999999591e+02 2.469541088399999902e-14
6.243600000000000136e+02 5.303644750800000199e-14
6.245499999999999545e+02 1.162912099999999990e-13
6.247400000000000091e+02 1.061308311999999873e-13
6.249300000000000637e+02 4.375272414600000186e-14
6.251200000000000045e+02 3.791008984000000228e-14
6.253100000000000591e+02 4.429514700100000514e-14
6.255000000000000000e+02 3.652732349999999591e-14
6.256899999999999409e+02 3.001328562699999967e-14
6.258799999999999955e+02 3.770488884000000299e-14
6.260699999999999363e+02 5.117928168299999950e-14
6.262599999999999909e+02 4.304310030400000361e-14
6.264500000000000455e+02 3.447429524000000018e-14
6.266399999999999864e+02 4.093250078400000114e-14
6.268300000000000409e+02 4.405505410900000155e-14
6.270199999999999818e+02 4.645240048799999971e-14
6.272100000000000364e+02 4.479132405600000420e-14
6.273999999999999773e+02 4.081494234000000169e-14
6.275899999999999181e+02 3.829309419899999419e-14
6.277799999999999727e+02 5.219614031999999537e-14
6.279700000000000273e+02 3.646408280200000237e-14
6.281600000000000819e+02 4.420719971199999848e-14
6.283500000000000227e+02 5.475900595499999830e-14
6.285399999999999636e+02 6.048987249799998880e-14
6.287300000000000182e+02 5.217478181199999809e-14
6.289199999999999591e+02 6.057512161200000083e-14
6.291100000000000136e+02 6.147071556600000613e-14
6.292999999999999545e+02 5.500981898999999995e-14
6.294900000000000091e+02 5.370116240999999830e-14
6.296800000000000637e+02 5.139611876800000140e-14
6.298700000000000045e+02 6.322824020999999888e-14
6.300600000000000591e+02 6.386099142000000643e-14
6.302500000000000000e+02 5.215167489999999562e-14
6.304399999999999409e+02 5.770612756400000209e-14
6.306299999999999955e+02 6.788921138999999362e-14
6.308199999999999363e+02 7.344826505999999876e-14
6.310099999999999909e+02 6.918898448000001221e-14
6.312000000000000455e+02 7.089449040000000070e-14
6.313899999999999864e+02 6.778287344999999476e-14
6.315800000000000409e+02 7.737107632000001070e-14
6.317699999999999818e+02 7.666718480999999708e-14
6.319600000000000364e+02 7.843318756000000043e-14
6.321499999999999773e+02 8.614813769999999534e-14
6.323399999999999181e+02 8.120636747999999318e-14
6.325299999999999727e+02 7.689856969000000273e-14
6.327200000000000273e+02 8.113938007999999357e-14
6.329100000000000819e+02 8.233019862000000635e-14
6.331000000000000227e+02 7.837271520000000167e-14
6.332899999999999636e+02 7.905802372999999413e-14
6.334800000000000182e+02 8.508713316000001146e-14
6.336699999999999591e+02 8.768978928000000306e-14
6.338600000000000136e+02 9.509104334000000638e-14
6.340499999999999545e+02 9.807929235000001247e-14
6.342400000000000091e+02 9.578482751999999853e-14
6.344300000000000637e+02 9.700688472000000060e-14
6.346200000000000045e+02 1.051692264000000082e-13
6.348100000000000591e+02 9.589122455000001042e-14
6.350000000000000000e+02 1.037075649999999972e-13
6.351899999999999409e+02 9.287811698999999128e-14
6.353799999999999955e+02 1.006403797200000019e-13
6.355699999999999363e+02 9.585031169999999426e-14
6.357599999999999909e+02 8.066459304000000016e-14
6.359500000000000455e+02 8.517977895000000634e-14
6.361399999999999864e+02 7.639532487999999111e-14
6.363300000000000409e+02 9.295190474999999717e-14
6.365199999999999818e+02 8.880472431999999284e-14
6.367100000000000364e+02 9.635077745999999663e-14
6.368999999999999773e+02 9.373766819999999691e-14
6.370899999999999181e+02 9.048844105999998837e-14
6.372799999999999727e+02 8.607995872000000516e-14
6.374700000000000273e+02 9.717465185999999634e-14
6.376600000000000819e+02 1.007094697600000016e-13
6.378500000000000227e+02 9.233452814999999677e-14
6.380399999999999636e+02 8.749251107999999729e-14
6.382300000000000182e+02 8.632124573000000611e-14
6.384199999999999591e+02 8.754717301999999771e-14
6.386100000000000136e+02 9.527103285000000883e-14
6.387999999999999545e+02 9.177064679999999385e-14
6.389900000000000091e+02 8.635055263999999452e-14
6.391800000000000637e+02 9.940846950000000355e-14
6.393700000000000045e+02 1.071513789300000055e-13
6.395600000000000591e+02 9.775035040000000003e-14
6.397500000000000000e+02 1.038838844999999994e-13
6.399399999999999409e+02 1.245163254999999918e-13
6.401299999999999955e+02 1.144904511499999959e-13
6.403199999999999363e+02 1.162814716799999979e-13
6.405099999999999909e+02 1.244350802499999922e-13
6.407000000000000455e+02 1.350031783999999885e-13
6.408899999999999864e+02 1.306505536199999892e-13
6.410800000000000409e+02 1.184215797599999951e-13
6.412699999999999818e+02 1.202067027700000112e-13
6.414600000000000364e+02 1.136455438200000107e-13
6.416499999999999773e+02 1.131010789000000098e-13
6.418399999999999181e+02 1.242538055999999971e-13
6.420299999999999727e+02 1.226367184199999899e-13
6.422200000000000273e+02 1.060465774999999882e-13
6.424100000000000819e+02 1.093362547699999953e-13
6.426000000000000227e+02 1.092349313999999945e-13
6.427899999999999636e+02 1.138625350199999951e-13
6.429800000000000182e+02 1.256215745199999994e-13
6.431699999999999591e+02 1.276010689800000003e-13
6.433600000000000136e+02 1.202246832000000067e-13
6.435499999999999545e+02 1.281668437999999921e-13
6.437400000000000091e+02 1.348493677199999823e-13
6.439300000000000637e+02 1.259842605699999918e-13
6.441200000000000045e+02 1.266133801599999748e-13
6.443100000000000591e+02 1.410143309100000139e-13
6.445000000000000000e+02 1.356466259999999966e-13
6.446899999999999409e+02 1.387746800199999983e-13
6.448799999999999955e+02 1.340989267200000207e-13
6.450699999999999363e+02 1.359962376800000095e-13
6.452599999999999909e+02 1.420339859400000003e-13
6.454500000000000455e+02 1.319861341499999981e-13
6.456399999999999864e+02 1.342208083200000136e-13
6.458300000000000409e+02 1.312759266100000220e-13
6.460199999999999818e+02 1.324903037399999978e-13
6.462100000000000364e+02 1.267967413600000186e-13
6.463999999999999773e+02 1.435040320000000005e-13
6.465899999999999181e+02 1.502371262700000005e-13
6.467799999999999727e+02 1.507631244400000050e-13
6.469700000000000273e+02 1.523970183499999950e-13
6.471600000000000819e+02 1.483853749200000053e-13
6.473500000000000227e+02 1.548869030499999912e-13
6.475399999999999636e+02 1.680657692999999732e-13
6.477300000000000182e+02 1.662969047400000071e-13
6.479199999999999591e+02 1.485868456800000009e-13
6.481100000000000136e+02 1.271870507300000170e-13
6.482999999999999545e+02 1.340587155000000060e-13
6.484900000000000091e+02 1.508342345699999991e-13
6.486800000000000637e+02 1.355241716399999995e-13
6.488700000000000045e+02 1.433035883699999888e-13
6.490600000000000591e+02 1.514127168000000239e-13
6.492500000000000000e+02 1.472148405000000071e-13
6.494399999999999409e+02 1.446679555199999930e-13
6.496299999999999955e+02 1.463973686500000112e-13
6.498199999999999363e+02 1.625706679599999951e-13
6.500099999999999909e+02 1.599343104900000048e-13
6.502000000000000455e+02 1.657951481999999941e-13
6.503899999999999864e+02 1.716405225599999955e-13
6.505800000000000409e+02 1.552082200200000038e-13
6.507699999999999818e+02 1.623013872299999917e-13
6.509600000000000364e+02 1.755222505600000172e-13
6.511499999999999773e+02 1.793228030999999905e-13
6.513399999999999181e+02 1.752449810200000086e-13
6.515299999999999727e+02 1.760486182400000136e-13
6.517200000000000273e+02 1.796824626000000024e-13
6.519100000000000819e+02 1.727646248300000024e-13
6.521000000000000227e+02 1.726669505999999978e-13
6.522899999999999636e+02 1.699052377499999994e-13
6.524800000000000182e+02 1.761872169600000007e-13
6.526699999999999591e+02 1.902337248999999959e-13
6.528600000000000136e+02 1.930063075200000362e-13
6.530499999999999545e+02 2.017669810499999879e-13
6.532400000000000091e+02 2.041414194399999858e-13
6.534300000000000637e+02 1.969921558200000080e-13
6.536200000000000045e+02 2.103041958600000089e-13
6.538100000000000591e+02 2.092152771400000178e-13
6.540000000000000000e+02 2.106468600000000010e-13
6.541899999999999409e+02 2.078649473599999775e-13
6.543799999999999955e+02 1.893396179599999908e-13
6.545699999999999363e+02 1.808517998700000000e-13
6.547599999999999909e+02 1.786342422400000109e-13
6.549500000000000455e+02 1.712085146500000167e-13
6.551399999999999864e+02 1.660203376799999856e-13
6.553300000000000409e+02 1.804333195600000217e-13
6.555199999999999818e+02 1.942738403200000045e-13
6.557100000000000364e+02 1.939865578200000063e-13
6.558999999999999773e+02 2.215335045000000007e-13
6.560899999999999181e+02 3.061355305399999835e-13
6.562799999999999727e+02 3.245462107200000162e-13
6.564700000000000273e+02 2.711286746999999786e-13
6.566600000000000819e+02 2.111680661399999958e-13
6.568500000000000227e+02 1.725590929500000059e-13
6.570399999999999636e+02 1.600779403999999901e-13
6.572300000000000182e+02 1.499351943600000034e-13
6.574199999999999591e+02 1.383073621800000107e-13
6.576100000000000136e+02 1.527312377200000071e-13
6.577999999999999545e+02 1.520787554000000100e-13
6.579900000000000091e+02 1.495209896099999811e-13
6.581800000000000637e+02 1.583752206799999986e-13
6.583700000000000045e+02 1.617081810299999816e-13
6.585600000000000591e+02 1.640821996800000014e-13
6.587500000000000000e+02 1.433196262499999854e-13
6.589399999999999409e+02 1.615753826999999930e-13
6.591299999999999955e+02 1.452116120400000258e-13
6.593199999999999363e+02 1.416338037599999824e-13
6.595099999999999909e+02 1.485117593499999969e-13
6.597000000000000455e+02 1.543737581999999886e-13
6.598899999999999864e+02 1.675038380399999900e-13
6.600800000000000409e+02 1.570884787200000115e-13
6.602699999999999818e+02 1.546887158699999881e-13
6.604600000000000364e+02 1.547629499600000068e-13
6.606499999999999773e+02 1.549257282500000061e-13
6.608399999999999181e+02 1.496234277599999989e-13
6.610299999999999727e+02 1.505614810400000152e-13
6.612200000000000273e+02 1.452488749600000002e-13
6.614100000000000819e+02 1.369700740800000079e-13
6.616000000000000227e+02 1.554918783999999918e-13
6.617899999999999636e+02 1.474785779199999972e-13
6.619800000000000182e+02 1.318975290600000110e-13
6.621699999999999591e+02 1.385094097499999829e-13
6.623600000000000136e+02 1.330879948000000115e-13
6.625499999999999545e+02 1.219999693499999984e-13
6.627400000000000091e+02 1.330059533400000054e-13
6.629300000000000637e+02 1.373829614800000070e-13
6.631200000000000045e+02 1.307951150399999788e-13
6.633100000000000591e+02 1.250850098700000166e-13
6.635000000000000000e+02 1.287196634999999813e-13
6.636899999999999409e+02 1.258157132999999866e-13
6.638799999999999955e+02 1.134743528800000066e-13
6.640699999999999363e+02 1.308901892099999940e-13
6.642599999999999909e+02 1.320987291600000080e-13
6.644500000000000455e+02 1.291046283500000142e-13
6.646399999999999864e+02 1.369091935999999879e-13
6.648300000000000409e+02 1.200962208599999901e-13
6.650199999999999818e+02 9.451862757999999542e-14
6.652100000000000364e+02 1.016853310200000172e-13
6.653999999999999773e+02 1.131093497999999943e-13
6.655899999999999181e+02 1.423843439799999861e-13
6.657799999999999727e+02 1.409289815000000212e-13
6.659700000000000273e+02 1.032027070200000000e-13
6.661600000000000819e+02 9.744721712000001259e-14
6.663500000000000227e+02 1.001364125999999862e-13
6.665399999999999636e+02 1.150034785200000007e-13
6.667300000000000182e+02 1.207834733400000001e-13
6.669199999999999591e+02 1.290510207600000148e-13
6.671100000000000136e+02 1.285834511700000141e-13
6.672999999999999545e+02 1.272327564000000001e-13
6.674900000000000091e+02 1.296993144099999946e-13
6.676800000000000637e+02 1.173260649599999924e-13
6.678700000000000045e+02 1.084079905299999962e-13
6.680600000000000591e+02 1.067459670999999967e-13
6.682500000000000000e+02 1.022175247500000107e-13
6.684399999999999409e+02 9.098136839999998796e-14
6.686299999999999955e+02 9.528178088999999856e-14
6.688199999999999363e+02 1.026464806799999930e-13
6.690099999999999909e+02 9.481075918000000724e-14
6.692000000000000455e+02 1.010204243999999945e-13
6.693899999999999864e+02 9.871561269000000063e-14
6.695800000000000409e+02 1.005715855800000025e-13
6.697699999999999818e+02 1.133284328499999855e-13
6.699600000000000364e+02 1.077905343599999991e-13
6.701499999999999773e+02 1.104527827000000059e-13
6.703399999999999181e+02 1.173001152399999881e-13
6.705299999999999727e+02 1.147491399600000004e-13
6.707200000000000273e+02 1.100403353599999938e-13
6.709100000000000819e+02 1.053952646299999999e-13
6.711000000000000227e+02 1.063706921999999878e-13
6.712899999999999636e+02 1.031403520499999883e-13
6.714800000000000182e+02 9.687710552000000330e-14
6.716699999999999591e+02 9.211349547000000162e-14
6.718600000000000136e+02 7.161422926000000893e-14
6.720499999999999545e+02 8.114197290000000323e-14
6.722400000000000091e+02 8.646552551999999437e-14
6.724300000000000637e+02 9.406556027000001537e-14
6.726200000000000045e+02 1.094346013799999956e-13
6.728100000000000591e+02 9.414361206000001244e-14
6.730000000000000000e+02 1.129004609999999900e-13
6.731899999999999409e+02 1.018873065000000103e-13
6.733799999999999955e+02 1.072034427600000051e-13
6.735699999999999363e+02 1.046451616300000027e-13
6.737599999999999909e+02 1.025799600000000104e-13
6.739500000000000455e+02 1.063641368999999974e-13
6.741399999999999864e+02 1.074929712799999996e-13
6.743300000000000409e+02 9.901322255999999959e-14
6.745199999999999818e+02 1.057242648000000050e-13
6.747100000000000364e+02 1.018825594200000003e-13
6.748999999999999773e+02 1.050772057000000002e-13
6.750899999999999181e+02 9.376595045999998836e-14
6.752799999999999727e+02 9.341553408000000360e-14
6.754700000000000273e+02 1.065222944699999957e-13
6.756600000000000819e+02 1.166087811000000029e-13
6.758500000000000227e+02 1.083225345999999911e-13
6.760399999999999636e+02 1.037606473199999949e-13
6.762300000000000182e+02 9.214850964000000063e-14
6.764199999999999591e+02 1.065442670399999950e-13
6.766100000000000136e+02 1.189209736000000137e-13
6.767999999999999545e+02 1.094290847999999948e-13
6.769900000000000091e+02 1.078648166999999885e-13
6.771800000000000637e+02 1.205373628200000014e-13
6.773700000000000045e+02 1.193404013400000060e-13
6.775600000000000591e+02 1.282722714000000065e-13
6.777500000000000000e+02 1.293926412500000070e-13
6.779399999999999409e+02 1.164558552599999825e-13
6.781299999999999955e+02 1.167149886899999984e-13
6.783199999999999363e+02 1.010669667199999958e-13
6.785099999999999909e+02 9.687833631000001679e-14
6.787000000000000455e+02 1.000858528999999919e-13
6.788899999999999864e+02 1.036121918000000027e-13
6.790800000000000409e+02 1.018945958400000011e-13
6.792699999999999818e+02 1.107502186100000046e-13
6.794600000000000364e+02 1.139508776800000153e-13
6.796499999999999773e+02 1.070095331999999986e-13
6.798399999999999181e+02 1.129560958400000015e-13
6.800299999999999727e+02 1.178151975000000063e-13
6.802200000000000273e+02 1.139041994399999880e-13
6.804100000000000819e+02 1.142558080199999916e-13
6.806000000000000227e+02 1.104538934000000111e-13
6.807899999999999636e+02 1.086731461199999881e-13
6.809800000000000182e+02 1.083820528799999976e-13
6.811699999999999591e+02 1.173397065399999755e-13
6.813600000000000136e+02 1.271778880800000085e-13
6.815499999999999545e+02 1.209151486000000000e-13
6.817400000000000091e+02 1.057174217999999938e-13
6.819300000000000637e+02 1.229117451299999968e-13
6.821200000000000045e+02 1.303981519199999967e-13
6.823100000000000591e+02 1.241933838899999939e-13
6.825000000000000000e+02 1.258953149999999902e-13
6.826899999999999409e+02 1.252237786300000047e-13
6.828799999999999955e+02 1.252217542399999826e-13
6.830699999999999363e+02 1.083683724299999883e-13
6.832599999999999909e+02 1.102638155400000184e-13
6.834500000000000455e+02 1.223464348500000003e-13
6.836399999999999864e+02 1.248894061199999855e-13
6.838300000000000409e+02 1.264011886900000082e-13
6.840199999999999818e+02 1.283159958200000072e-13
6.842100000000000364e+02 1.365765265200000103e-13
6.843999999999999773e+02 1.308086875999999965e-13
6.845899999999999181e+02 1.360061261200000026e-13
6.847799999999999727e+02 1.200926077200000000e-13
6.849700000000000273e+02 1.078211276999999973e-13
6.851600000000000819e+02 1.174014808400000144e-13
6.853500000000000227e+02 1.251880870499999904e-13
6.855399999999999636e+02 1.072335378800000014e-13
6.857300000000000182e+02 1.201885828299999950e-13
6.859199999999999591e+02 1.158635486399999902e-13
6.861100000000000136e+02 1.191532931500000041e-13
6.862999999999999545e+02 1.170635635999999850e-13
6.864900000000000091e+02 1.019327811599999861e-13
6.866800000000000637e+02 8.956367240000000683e-14
6.868700000000000045e+02 9.572014258999999617e-14
6.870600000000000591e+02 9.801872784000000979e-14
6.872500000000000000e+02 9.231485625000000127e-14
6.874399999999999409e+02 1.088815592799999833e-13
6.876299999999999955e+02 1.174513297800000168e-13
6.878199999999999363e+02 1.180766837599999914e-13
6.880099999999999909e+02 1.258783095999999911e-13
6.882000000000000455e+02 1.351308227999999915e-13
6.883899999999999864e+02 1.237745871699999795e-13
6.885800000000000409e+02 1.159079828199999893e-13
6.887699999999999818e+02 1.234702877400000048e-13
6.889600000000000364e+02 1.258530121600000019e-13
6.891499999999999773e+02 1.236142138000000079e-13
6.893399999999999181e+02 1.138934441399999838e-13
6.895299999999999727e+02 1.177144930100000077e-13
6.897200000000000273e+02 1.342043381600000128e-13
6.899100000000000819e+02 1.209087972300000028e-13
6.901000000000000227e+02 1.087266352000000072e-13
6.902899999999999636e+02 1.295936640200000123e-13
6.904800000000000182e+02 1.381636670400000102e-13
6.906699999999999591e+02 1.362477802300000037e-13
6.908600000000000136e+02 1.478378222600000018e-13
6.910499999999999545e+02 1.470430011000000030e-13
6.912400000000000091e+02 1.575453470799999935e-13
6.914300000000000637e+02 1.413130805400000096e-13
6.916200000000000045e+02 1.496776339199999962e-13
6.918100000000000591e+02 1.281204447600000154e-13
6.920000000000000000e+02 1.410067639999999989e-13
6.921899999999999409e+02 1.367968175100000081e-13
6.923799999999999955e+02 1.527355660999999883e-13
6.925699999999999363e+02 1.739112526999999928e-13
6.927599999999999909e+02 1.675931919600000080e-13
6.929500000000000455e+02 1.688816162999999856e-13
6.931399999999999864e+02 1.841236301800000016e-13
6.933300000000000409e+02 1.710209377800000045e-13
6.935199999999999818e+02 1.656188176800000034e-13
6.937100000000000364e+02 1.718541657200000084e-13
6.938999999999999773e+02 1.915941168000000106e-13
6.940899999999999181e+02 1.999624703700000087e-13
6.942799999999999727e+02 1.991326953200000064e-13
6.944700000000000273e+02 2.145426170999999865e-13
6.946600000000000819e+02 2.124263333400000166e-13
6.948500000000000227e+02 2.218795019999999858e-13
6.950399999999999636e+02 2.159642188799999681e-13
6.952300000000000182e+02 2.093128961000000245e-13
6.954199999999999591e+02 2.106399363199999853e-13
6.956100000000000136e+02 2.060480293200000107e-13
6.957999999999999545e+02 2.030079996000000045e-13
6.959900000000000091e+02 2.216630711400000110e-13
6.961800000000000637e+02 2.203354005600000311e-13
6.963700000000000045e+02 2.198370453000000116e-13
6.965600000000000591e+02 2.239510056000000158e-13
6.967500000000000000e+02 2.317641330000000210e-13
6.969399999999999409e+02 2.313910494000000057e-13
6.971299999999999955e+02 2.081888118099999922e-13
6.973199999999999363e+02 2.196069875999999847e-13
6.975099999999999909e+02 2.168649266300000013e-13
6.977000000000000455e+02 2.563838189999999893e-13
6.978899999999999864e+02 2.365058484299999856e-13
6.980800000000000409e+02 2.302400475200000030e-13
6.982699999999999818e+02 2.374865148899999817e-13
6.984600000000000364e+02 2.542233754200000278e-13
6.986499999999999773e+02 2.527589942999999827e-13
6.988399999999999181e+02 2.562541453999999604e-13
6.990299999999999727e+02 2.469966582600000130e-13
6.992200000000000273e+02 2.363629303599999983e-13
6.994100000000000819e+02 2.254897840000000202e-13
6.996000000000000227e+02 2.517643523999999910e-13
6.997899999999999636e+02 2.607830416099999625e-13
6.999800000000000182e+02 2.478076195799999837e-13
7.001699999999999591e+02 2.482109651699999858e-13
7.003600000000000136e+02 2.500852491600000389e-13
7.005499999999999545e+02 2.522750605000000015e-13
7.007400000000000091e+02 2.623507493400000075e-13
7.009300000000000637e+02 2.647966344700000257e-13
7.011200000000000045e+02 2.591087116800000235e-13
7.013100000000000591e+02 2.678618479500000038e-13
7.015000000000000000e+02 2.858465185000000064e-13
7.016899999999999409e+02 2.784305919999999500e-13
7.018799999999999955e+02 2.768607772800000051e-13
7.020699999999999363e+02 2.879512022199999759e-13
7.022599999999999909e+02 2.736896830200000406e-13
7.024500000000000455e+02 2.784055207499999973e-13
7.026399999999999864e+02 2.953673715199999508e-13
7.028300000000000409e+02 3.097758366500000159e-13
7.030199999999999818e+02 2.955306264599999953e-13
7.032100000000000364e+02 3.204359199600000046e-13
7.033999999999999773e+02 3.512413832000000042e-13
7.035899999999999181e+02 3.459502778699999820e-13
7.037799999999999727e+02 3.580994509399999847e-13
7.039700000000000273e+02 3.589866856199999934e-13
7.041600000000000819e+02 3.809871763200000290e-13
7.043500000000000227e+02 3.708705620499999997e-13
7.045399999999999636e+02 3.912536072799999932e-13
7.047300000000000182e+02 3.896889102600000073e-13
7.049199999999999591e+02 3.751471452799999807e-13
7.051100000000000136e+02 3.531797274600000112e-13
7.052999999999999545e+02 2.836758918000000229e-13
7.054900000000000091e+02 2.266026825099999869e-13
7.056800000000000637e+02 1.925285573600000083e-13
7.058700000000000045e+02 1.720296953099999808e-13
7.060600000000000591e+02 1.632580174400000066e-13
7.062500000000000000e+02 1.596110874999999850e-13
7.064399999999999409e+02 1.836136461599999743e-13
7.066299999999999955e+02 1.953485701299999990e-13
7.068199999999999363e+02 2.048039222799999901e-13
7.070099999999999909e+02 2.068159792199999975e-13
7.072000000000000455e+02 2.195905503999999780e-13
7.073899999999999864e+02 2.146497142099999607e-13
7.075800000000000409e+02 2.053467918000000068e-13
7.077699999999999818e+02 2.159802621199999764e-13
7.079600000000000364e+02 2.295970916800000451e-13
7.081499999999999773e+02 2.221657750499999843e-13
7.083399999999999181e+02 2.187021000199999768e-13
7.085299999999999727e+02 1.986200893099999889e-13
7.087200000000000273e+02 1.597072171200000043e-13
7.089100000000000819e+02 1.334473451300000050e-13
7.091000000000000227e+02 1.276996916999999904e-13
7.092899999999999636e+02 1.363602932100000015e-13
7.094800000000000182e+02 1.392716334799999988e-13
7.096699999999999591e+02 1.344782069799999900e-13
7.098600000000000136e+02 1.502589056400000220e-13
7.100499999999999545e+02 1.464300612499999880e-13
7.102400000000000091e+02 1.465729390399999762e-13
7.104300000000000637e+02 1.677133413900000051e-13
7.106200000000000045e+02 1.731425629999999814e-13
7.108100000000000591e+02 1.980764470300000040e-13
7.110000000000000000e+02 1.870477470000000037e-13
7.111899999999999409e+02 1.793343815899999932e-13
7.113799999999999955e+02 1.752513085200000211e-13
7.115699999999999363e+02 1.813194211199999819e-13
7.117599999999999909e+02 2.060815668800000121e-13
7.119500000000000455e+02 2.199320342500000201e-13
7.121399999999999864e+02 2.090835918599999724e-13
7.123300000000000409e+02 1.773644713600000165e-13
7.125199999999999818e+02 1.456504883200000033e-13
7.127100000000000364e+02 1.282229433899999971e-13
7.128999999999999773e+02 1.187513174999999920e-13
7.130899999999999181e+02 1.043856796500000038e-13
7.132799999999999727e+02 1.114828108799999943e-13
7.134700000000000273e+02 1.114169021399999867e-13
7.136600000000000819e+02 1.239891474199999898e-13
7.138500000000000227e+02 1.258274841000000005e-13
7.140399999999999636e+02 1.295782668799999729e-13
7.142300000000000182e+02 1.268351060899999950e-13
7.144199999999999591e+02 1.359519827399999971e-13
7.146100000000000136e+02 1.335941956700000116e-13
7.147999999999999545e+02 1.353116400000000137e-13
7.149900000000000091e+02 1.528712969100000043e-13
7.151800000000000637e+02 1.587663841000000057e-13
7.153700000000000045e+02 1.617358571899999969e-13
7.155600000000000591e+02 1.584557530800000018e-13
7.157500000000000000e+02 1.526129307500000096e-13
7.159399999999999409e+02 1.555895126799999768e-13
7.161299999999999955e+02 1.361642420700000115e-13
7.163199999999999363e+02 1.421658814399999984e-13
7.165099999999999909e+02 1.458613737200000079e-13
7.167000000000000455e+02 1.465364820000000145e-13
7.168899999999999864e+02 1.546432094599999975e-13
7.170800000000000409e+02 1.520668531200000135e-13
7.172699999999999818e+02 1.592403954299999983e-13
7.174600000000000364e+02 1.605919416400000231e-13
7.176499999999999773e+02 1.619190635999999850e-13
7.178399999999999181e+02 1.701661255199999992e-13
7.180299999999999727e+02 1.719014082100000020e-13
7.182200000000000273e+02 1.800261523200000024e-13
7.184100000000000819e+02 1.872744003900000171e-13
7.186000000000000227e+02 1.777291822000000182e-13
7.187899999999999636e+02 1.819020289299999864e-13
7.189800000000000182e+02 1.909567741200000203e-13
7.191699999999999591e+02 1.851963433799999948e-13
7.193600000000000136e+02 1.796982860800000124e-13
7.195499999999999545e+02 1.757616003000000056e-13
7.197400000000000091e+02 1.717558746399999902e-13
7.199300000000000637e+02 1.748054833700000246e-13
7.201200000000000045e+02 1.580476168800000055e-13
7.203100000000000591e+02 1.593311313800000215e-13
7.205000000000000000e+02 1.623027119999999915e-13
7.206899999999999409e+02 1.797941377499999918e-13
7.208799999999999955e+02 1.761960478400000011e-13
7.210699999999999363e+02 1.842319428599999826e-13
7.212599999999999909e+02 1.858146075000000121e-13
7.214500000000000455e+02 1.979767017499999888e-13
7.216399999999999864e+02 1.992859374799999951e-13
7.218300000000000409e+02 2.042028196800000005e-13
7.220199999999999818e+02 2.042428515399999970e-13
7.222100000000000364e+02 2.069687751700000302e-13
7.223999999999999773e+02 2.196912311999999762e-13
7.225899999999999181e+02 2.315445718299999960e-13
7.227799999999999727e+02 2.245822016000000209e-13
7.229700000000000273e+02 2.181576434399999839e-13
7.231600000000000819e+02 2.228121044400000180e-13
7.233500000000000227e+02 2.170469542999999902e-13
7.235399999999999636e+02 2.150512823400000209e-13
7.237300000000000182e+02 2.190882693300000106e-13
7.239199999999999591e+02 2.319664095200000230e-13
7.241100000000000136e+02 2.523588519899999970e-13
7.242999999999999545e+02 2.372270818000000040e-13
7.244900000000000091e+02 2.378218118900000159e-13
7.246800000000000637e+02 2.540713586400000173e-13
7.248700000000000045e+02 2.664701855699999519e-13
7.250600000000000591e+02 2.596715382800000380e-13
7.252500000000000000e+02 2.681909227499999907e-13
7.254399999999999409e+02 2.715713657599999793e-13
7.256299999999999955e+02 2.895974817399999622e-13
7.258199999999999363e+02 2.824637402999999886e-13
7.260099999999999909e+02 2.973569977700000224e-13
7.262000000000000455e+02 3.066052710000000178e-13
7.263899999999999864e+02 3.041583791399999489e-13
7.265800000000000409e+02 2.908710448200000249e-13
7.267699999999999818e+02 2.933243720000000017e-13
7.269600000000000364e+02 2.951799271200000110e-13
7.271499999999999773e+02 2.919492707000000037e-13
7.273399999999999181e+02 2.943668627799999740e-13
7.275299999999999727e+02 2.947238580600000081e-13
7.277200000000000273e+02 2.953699044800000248e-13
7.279100000000000819e+02 3.075980240700000324e-13
7.281000000000000227e+02 3.131601785999999873e-13
7.282899999999999636e+02 3.278477546899999978e-13
7.284800000000000182e+02 3.196453683200000323e-13
7.286699999999999591e+02 3.160525971300000181e-13
7.288600000000000136e+02 3.400933646000000244e-13
7.290499999999999545e+02 3.484844418999999940e-13
7.292400000000000091e+02 3.432000334799999793e-13
7.294300000000000637e+02 3.517231222700000223e-13
7.296200000000000045e+02 3.726701962599999780e-13
7.298100000000000591e+02 3.608122255200000203e-13
7.300000000000000000e+02 3.672688400000000161e-13
7.301899999999999409e+02 3.648416240699999562e-13
7.303799999999999955e+02 3.623583167400000049e-13
7.305699999999999363e+02 3.725892388599999819e-13
7.307599999999999909e+02 3.924488119200000083e-13
7.309500000000000455e+02 4.012886262000000260e-13
7.311399999999999864e+02 3.954224461999999651e-13
7.313300000000000409e+02 3.986779675299999906e-13
7.315199999999999818e+02 4.143994963199999708e-13
7.317100000000000364e+02 3.991887807600000375e-13
7.318999999999999773e+02 4.041947026000000228e-13
7.320899999999999181e+02 4.148468514900000169e-13
7.322799999999999727e+02 3.944675195200000017e-13
7.324700000000000273e+02 4.017890937999999776e-13
7.326600000000000819e+02 4.276411867800000252e-13
7.328500000000000227e+02 4.180916578500000356e-13
7.330399999999999636e+02 4.268125399999999980e-13
7.332300000000000182e+02 4.380535989000000294e-13
7.334199999999999591e+02 4.444576539399999587e-13
7.336100000000000136e+02 4.380267932400000561e-13
7.337999999999999545e+02 4.692871140000000149e-13
7.339900000000000091e+02 4.559876175500000355e-13
7.341800000000000637e+02 4.331309593600000224e-13
7.343700000000000045e+02 4.423918316999999787e-13
7.345600000000000591e+02 4.632076595200000198e-13
7.347500000000000000e+02 4.667161389999999992e-13
7.349399999999999409e+02 4.583004996600000531e-13
7.351299999999999955e+02 4.724805482099999726e-13
7.353199999999999363e+02 4.581823039200000245e-13
7.355099999999999909e+02 4.496974335900000709e-13
7.357000000000000455e+02 4.593056026999999883e-13
7.358899999999999864e+02 4.490356626599999680e-13
7.360800000000000409e+02 4.666599984000000030e-13
7.362699999999999818e+02 4.852681942999999609e-13
7.364600000000000364e+02 4.848941015200000232e-13
7.366499999999999773e+02 4.795775662499999504e-13
7.368399999999999181e+02 4.951225853600000416e-13
7.370299999999999727e+02 5.084644674899999502e-13
7.372200000000000273e+02 5.168885330399999554e-13
7.374100000000000819e+02 5.131835290699999876e-13
7.376000000000000227e+02 5.029310848000000659e-13
7.377899999999999636e+02 5.134841330399999745e-13
7.379800000000000182e+02 5.198995302000000011e-13
7.381699999999999591e+02 5.181429299299999079e-13
7.383600000000000136e+02 5.251895611200000606e-13
7.385499999999999545e+02 5.365152162000000673e-13
7.387400000000000091e+02 5.270075123800000149e-13
7.389300000000000637e+02 5.202872633700000657e-13
7.391200000000000045e+02 5.170137008799999625e-13
7.393100000000000591e+02 5.217783828400000694e-13
7.395000000000000000e+02 5.315622134999999417e-13
7.396899999999999409e+02 5.361790903000000340e-13
7.398799999999999955e+02 5.280198012800000921e-13
7.400699999999999363e+02 5.210855072100000352e-13
7.402599999999999909e+02 5.265424964400000577e-13
7.404500000000000455e+02 5.195989403000000322e-13
7.406399999999999864e+02 5.278526467199999956e-13
7.408300000000000409e+02 5.368520902900000053e-13
7.410199999999999818e+02 5.485541343799999229e-13
7.412100000000000364e+02 5.388722705700001059e-13
7.413999999999999773e+02 5.439955773999999992e-13
7.415899999999999181e+02 5.354613515499999449e-13
7.417799999999999727e+02 5.436416606400000230e-13
7.419700000000000273e+02 5.256004184499999504e-13
7.421600000000000819e+02 5.303668321600000310e-13
7.423500000000000227e+02 5.475328624500000288e-13
7.425399999999999636e+02 5.426118475400000022e-13
7.427300000000000182e+02 5.442747721900000004e-13
7.429199999999999591e+02 5.493447647999999094e-13
7.431100000000000136e+02 5.594288133100000464e-13
7.432999999999999545e+02 5.347798210999999917e-13
7.434900000000000091e+02 5.475878199000000091e-13
7.436800000000000637e+02 5.346560934400000629e-13
7.438700000000000045e+02 5.464818638899999505e-13
7.440600000000000591e+02 5.601826843800000167e-13
7.442500000000000000e+02 5.546895249999999603e-13
7.444399999999999409e+02 5.493974644399999696e-13
7.446299999999999955e+02 5.437980765900000351e-13
7.448199999999999363e+02 5.480020598200000109e-13
7.450099999999999909e+02 5.585824226499999889e-13
7.452000000000000455e+02 5.580042695999999586e-13
7.453899999999999864e+02 5.516594120499999720e-13
7.455800000000000409e+02 5.593535010800000420e-13
7.457699999999999818e+02 5.540735503499999994e-13
7.459600000000000364e+02 5.522028576800000381e-13
7.461499999999999773e+02 5.677112121000000172e-13
7.463399999999999181e+02 5.679595156199999177e-13
7.465299999999999727e+02 5.662011993200000183e-13
7.467200000000000273e+02 5.641887763200000609e-13
7.469100000000000819e+02 5.806097415900000285e-13
7.471000000000000227e+02 5.712752447000000164e-13
7.472899999999999636e+02 5.769968075099999795e-13
7.474800000000000182e+02 5.849591609999999312e-13
7.476699999999999591e+02 5.674643335900000101e-13
7.478600000000000136e+02 5.727695210800000844e-13
7.480499999999999545e+02 5.691351412500000389e-13
7.482400000000000091e+02 5.720713814400000087e-13
7.484300000000000637e+02 5.858605259800001000e-13
7.486200000000000045e+02 5.817084334199999467e-13
7.488100000000000591e+02 5.838913367900000565e-13
7.490000000000000000e+02 5.874436960000000101e-13
7.491899999999999409e+02 5.661201791700000444e-13
7.493799999999999955e+02 5.864925150599999939e-13
7.495699999999999363e+02 6.013350367999999246e-13
7.497599999999999909e+02 6.033506159999999890e-13
7.499500000000000455e+02 5.926914846000000136e-13
7.501399999999999864e+02 6.173464664999999412e-13
7.503300000000000409e+02 6.169761000900000504e-13
7.505199999999999818e+02 6.308698500399999493e-13
7.507100000000000364e+02 6.229361551600000869e-13
7.508999999999999773e+02 6.207269796000000481e-13
7.510899999999999181e+02 6.300142919999999678e-13
7.512799999999999727e+02 6.153426455199999971e-13
7.514700000000000273e+02 6.386217501000000569e-13
7.516600000000000819e+02 6.263229499800000284e-13
7.518500000000000227e+02 6.318690251499999500e-13
7.520399999999999636e+02 6.235705108799999207e-13
7.522300000000000182e+02 6.114290930600000347e-13
7.524199999999999591e+02 6.079831995399999639e-13
7.526100000000000136e+02 6.273546229200000173e-13
7.527999999999999545e+02 6.237181368000000496e-13
7.529900000000000091e+02 6.248115242599999146e-13
7.531800000000000637e+02 6.209359024200000178e-13
7.533700000000000045e+02 6.413740157999999118e-13
7.535600000000000591e+02 6.386820386800000288e-13
7.537500000000000000e+02 6.394505962500000277e-13
7.539399999999999409e+02 6.711807601400000038e-13
7.541299999999999955e+02 6.781559272800000494e-13
7.543199999999999363e+02 6.735308193599999875e-13
7.545099999999999909e+02 6.655049823600000349e-13
7.547000000000000455e+02 6.659223748999999140e-13
7.548899999999999864e+02 6.668939824799999760e-13
7.550800000000000409e+02 6.835059667999999387e-13
7.552699999999999818e+02 6.798940539999999329e-13
7.554600000000000364e+02 6.743447488800000233e-13
7.556499999999999773e+02 6.961576754999999893e-13
7.558399999999999181e+02 7.097110848000000188e-13
7.560299999999999727e+02 6.878738955000000477e-13
7.562200000000000273e+02 6.782370811599999597e-13
7.564100000000000819e+02 6.746904892399999696e-13
7.566000000000000227e+02 6.359207868000000532e-13
7.567899999999999636e+02 6.514743468099999162e-13
7.569800000000000182e+02 6.828073147000000909e-13
7.571699999999999591e+02 6.994002005100000070e-13
7.573600000000000136e+02 6.846640430399999868e-13
7.575499999999999545e+02 6.424940635500000114e-13
7.577400000000000091e+02 6.730398227999999969e-13
7.579300000000000637e+02 7.066044962600000085e-13
7.581200000000000045e+02 7.113894832000000032e-13
7.583100000000000591e+02 6.849776314500000151e-13
7.585000000000000000e+02 6.617480155000000524e-13
7.586899999999999409e+02 5.725780321699999751e-13
7.588799999999999955e+02 5.072164200000000474e-13
7.590699999999999363e+02 4.795515813400000328e-13
7.592599999999999909e+02 4.161488874800000540e-13
7.594500000000000455e+02 3.275386338000000234e-13
7.596399999999999864e+02 2.840787726000000124e-13
7.598300000000000409e+02 2.554092561999999955e-13
7.600199999999999818e+02 2.178430125600000092e-13
7.602100000000000364e+02 2.094249314300000089e-13
7.603999999999999773e+02 2.157733851999999822e-13
7.605899999999999181e+02 2.154584140199999772e-13
7.607799999999999727e+02 2.503232473000000308e-13
7.609700000000000273e+02 2.752519806399999852e-13
7.611600000000000819e+02 3.149702914800000496e-13
7.613500000000000227e+02 3.866249502499999945e-13
7.615399999999999636e+02 4.946407915799999623e-13
7.617300000000000182e+02 5.273875741499999776e-13
7.619199999999999591e+02 4.972747072000000215e-13
7.621100000000000136e+02 4.469729423400000102e-13
7.622999999999999545e+02 4.090814342999999819e-13
7.624900000000000091e+02 3.371471533400000181e-13
7.626800000000000637e+02 2.955941756399999923e-13
7.628700000000000045e+02 2.710889059800000325e-13
7.630600000000000591e+02 2.799545050400000180e-13
7.632500000000000000e+02 3.037979239999999729e-13
7.634399999999999409e+02 3.072082560000000218e-13
7.636299999999999955e+02 3.135884776499999743e-13
7.638199999999999363e+02 3.253193400199999730e-13
7.640099999999999909e+02 3.493550326500000031e-13
7.642000000000000455e+02 3.589164646000000111e-13
7.643899999999999864e+02 3.594956745599999537e-13
7.645800000000000409e+02 3.622534165200000312e-13
7.647699999999999818e+02 3.580668435400000305e-13
7.649600000000000364e+02 3.714094988800000192e-13
7.651499999999999773e+02 3.771003517500000240e-13
7.653399999999999181e+02 3.906081064799999887e-13
7.655299999999999727e+02 3.985027657400000160e-13
7.657200000000000273e+02 3.709614769200000096e-13
7.659100000000000819e+02 3.268222220100000109e-13
7.661000000000000227e+02 2.489779034000000080e-13
7.662899999999999636e+02 1.905701926799999992e-13
7.664800000000000182e+02 2.032781607999999961e-13
7.666699999999999591e+02 2.540476045499999978e-13
7.668600000000000136e+02 2.840395759800000360e-13
7.670499999999999545e+02 2.954776316500000023e-13
7.672400000000000091e+02 3.216761113599999918e-13
7.674300000000000637e+02 3.338957466900000154e-13
7.676200000000000045e+02 3.402183954399999868e-13
7.678100000000000591e+02 3.550453255300000377e-13
7.680000000000000000e+02 3.676869119999999717e-13
7.681899999999999409e+02 3.738411998799999800e-13
7.683799999999999955e+02 3.752837074200000348e-13
7.685699999999999363e+02 3.880056473699999853e-13
7.687599999999999909e+02 4.008814334000000555e-13
7.689500000000000455e+02 3.992926665000000045e-13
7.691399999999999864e+02 3.753541645199999871e-13
7.693300000000000409e+02 3.320466746499999938e-13
7.695199999999999818e+02 2.847339427999999737e-13
7.697100000000000364e+02 2.409954312899999897e-13
7.698999999999999773e+02 2.555914020000000121e-13
7.700899999999999181e+02 3.192315684200000112e-13
7.702799999999999727e+02 3.372285840000000206e-13
7.704700000000000273e+02 3.583933661400000288e-13
7.706600000000000819e+02 3.722449638600000116e-13
7.708500000000000227e+02 3.825713132999999796e-13
7.710399999999999636e+02 3.786407811200000009e-13
7.712300000000000182e+02 3.831709721300000098e-13
7.714199999999999591e+02 3.956574609000000020e-13
7.716100000000000136e+02 4.116701388100000194e-13
7.717999999999999545e+02 4.215309187999999958e-13
7.719900000000000091e+02 4.219797698699999777e-13
7.721800000000000637e+02 4.318887679800000513e-13
7.723700000000000045e+02 4.433519655499999497e-13
7.725600000000000591e+02 4.696786245600000825e-13
7.727500000000000000e+02 4.994337342499999619e-13
7.729399999999999409e+02 4.919817205800000555e-13
7.731299999999999955e+02 4.992981778200000313e-13
7.733199999999999363e+02 4.906413805199999900e-13
7.735099999999999909e+02 4.916313533500000635e-13
7.737000000000000455e+02 5.005715207999999601e-13
7.738899999999999864e+02 5.200564016699999564e-13
7.740800000000000409e+02 4.811743206399999880e-13
7.742699999999999818e+02 4.594789174499999997e-13
7.744600000000000364e+02 4.454631963200000578e-13
7.746499999999999773e+02 3.934702984500000089e-13
7.748399999999999181e+02 3.733814488799999743e-13
7.750299999999999727e+02 4.038526324000000090e-13
7.752200000000000273e+02 4.011143323999999842e-13
7.754100000000000819e+02 3.983893743900000138e-13
7.756000000000000227e+02 4.251164427999999564e-13
7.757899999999999636e+02 4.372918766699999769e-13
7.759800000000000182e+02 4.430698363800000319e-13
7.761699999999999591e+02 4.147681722599999813e-13
7.763600000000000136e+02 4.173323179999999991e-13
7.765499999999999545e+02 4.505325666000000363e-13
7.767400000000000091e+02 4.384712834799999506e-13
7.769300000000000637e+02 4.430987176000000038e-13
7.771200000000000045e+02 4.593058963199999197e-13
7.773100000000000591e+02 4.717051323300000394e-13
7.775000000000000000e+02 4.768228674999999608e-13
7.776899999999999409e+02 4.776400888199999404e-13
7.778799999999999955e+02 4.522625435200000050e-13
7.780699999999999363e+02 4.397340411999999771e-13
7.782599999999999909e+02 4.355018438400000843e-13
7.784500000000000455e+02 4.294062536500000266e-13
7.786399999999999864e+02 4.329339623199999344e-13
7.788300000000000409e+02 4.335185852400000385e-13
7.790199999999999818e+02 4.524096328399999466e-13
7.792100000000000364e+02 4.396310612099999937e-13
7.793999999999999773e+02 4.694162526000000076e-13
7.795899999999999181e+02 4.560227296799999600e-13
7.797799999999999727e+02 4.543785857800000152e-13
7.799700000000000273e+02 4.760390901000000563e-13
7.801600000000000819e+02 4.928621791999999935e-13
7.803500000000000227e+02 5.012461172499999374e-13
7.805399999999999636e+02 5.039579926199999534e-13
7.807300000000000182e+02 5.147813520700000206e-13
7.809199999999999591e+02 5.207596256799999987e-13
7.811100000000000136e+02 5.566275782100000150e-13
7.812999999999999545e+02 5.576481872000000252e-13
7.814900000000000091e+02 5.506112833400000003e-13
7.816800000000000637e+02 5.256031953599999568e-13
7.818700000000000045e+02 4.959291948199999532e-13
7.820600000000000591e+02 4.939076468200000800e-13
7.822500000000000000e+02 4.908618749999999622e-13
7.824399999999999409e+02 4.898747298399999808e-13
7.826299999999999955e+02 4.877373638900000689e-13
7.828199999999999363e+02 4.525552873799999413e-13
7.830099999999999909e+02 4.664390570000000167e-13
7.832000000000000455e+02 4.814220751999999621e-13
7.833899999999999864e+02 4.828800292199999999e-13
7.835800000000000409e+02 4.900642528600000543e-13
7.837699999999999818e+02 4.760948163399999945e-13
7.839600000000000364e+02 4.878528202800000906e-13
7.841499999999999773e+02 5.012286799999999608e-13
7.843399999999999181e+02 5.133175877199999512e-13
7.845299999999999727e+02 5.229253333800000790e-13
7.847200000000000273e+02 5.299465270399999474e-13
7.849100000000000819e+02 5.070353768900000453e-13
7.851000000000000227e+02 5.159213991000000157e-13
7.852899999999999636e+02 5.247865335899999917e-13
7.854800000000000182e+02 4.959889895600000266e-13
7.856699999999999591e+02 5.013729534900000102e-13
7.858600000000000136e+02 4.982918219200000913e-13
7.860499999999999545e+02 5.136372980499999376e-13
7.862400000000000091e+02 5.323804012800000281e-13
7.864300000000000637e+02 5.283779376700000927e-13
7.866200000000000045e+02 5.160872228399999763e-13
7.868100000000000591e+02 5.401088717400000879e-13
7.870000000000000000e+02 5.581364650000000825e-13
7.871899999999999409e+02 5.394125012199999714e-13
7.873799999999999955e+02 5.441157994800000637e-13
7.875699999999999363e+02 5.558424913299999234e-13
7.877599999999999909e+02 5.692779150400000206e-13
7.879500000000000455e+02 5.843996644499999593e-13
7.881399999999999864e+02 5.976331636199999817e-13
7.883300000000000409e+02 5.955541467900000154e-13
7.885199999999999818e+02 5.884030862400000219e-13
7.887100000000000364e+02 5.886040197700000622e-13
7.888999999999999773e+02 5.948306000000000443e-13
7.890899999999999181e+02 6.249624363600000041e-13
7.892799999999999727e+02 6.075798511999999986e-13
7.894700000000000273e+02 6.045548103099999838e-13
7.896600000000000819e+02 5.917909455000000305e-13
7.898500000000000227e+02 5.871910768500000016e-13
7.900399999999999636e+02 6.143011322799999718e-13
7.902300000000000182e+02 6.012962799900000062e-13
7.904199999999999591e+02 5.700754070199999393e-13
7.906100000000000136e+02 5.606421068600000880e-13
7.907999999999999545e+02 5.175240348000000941e-13
7.909900000000000091e+02 5.222274177999999408e-13
7.911800000000000637e+02 5.351027253000000610e-13
7.913700000000000045e+02 5.546079233999999602e-13
7.915600000000000591e+02 5.662131582800000487e-13
7.917500000000000000e+02 5.545638690000000158e-13
7.919399999999999409e+02 5.550153101999999842e-13
7.921299999999999955e+02 5.489350001800000579e-13
7.923199999999999363e+02 5.997585088000000272e-13
7.925099999999999909e+02 5.866087694100000171e-13
7.927000000000000455e+02 6.095482504000000502e-13
7.928899999999999864e+02 6.250708670499999307e-13
7.930800000000000409e+02 6.347003378400000140e-13
7.932699999999999818e+02 6.200801205199999915e-13
7.934600000000000364e+02 6.361676634400000591e-13
7.936499999999999773e+02 6.311128609500000090e-13
7.938399999999999181e+02 6.126603091199999813e-13
7.940299999999999727e+02 6.192711432699999744e-13
7.942200000000000273e+02 6.266967638399999721e-13
7.944100000000000819e+02 5.863476657199999426e-13
7.946000000000000227e+02 5.929869365999999577e-13
7.947899999999999636e+02 6.050116333799999692e-13
7.949800000000000182e+02 6.228072065000000442e-13
7.951699999999999591e+02 6.538802185499999677e-13
7.953600000000000136e+02 6.677174457599999613e-13
7.955499999999999545e+02 6.687679697999999925e-13
7.957400000000000091e+02 6.490803435599999792e-13
7.959300000000000637e+02 6.515228282399999675e-13
7.961200000000000045e+02 6.302555630799999669e-13
7.963100000000000591e+02 6.320599141600000127e-13
7.965000000000000000e+02 6.690050414999999304e-13
7.966899999999999409e+02 6.561809714599999855e-13
7.968799999999999955e+02 6.882262088800000759e-13
7.970699999999999363e+02 7.099088013600000025e-13
7.972599999999999909e+02 6.984770942200000527e-13
7.974500000000000455e+02 6.861387391999999670e-13
7.976399999999999864e+02 6.969874036799999795e-13
7.978300000000000409e+02 6.842828344000000081e-13
7.980199999999999818e+02 6.677184963800000025e-13
7.982100000000000364e+02 6.597117846900000538e-13
7.983999999999999773e+02 6.570919823999999764e-13
7.985899999999999181e+02 6.534223097999999632e-13
7.987799999999999727e+02 6.634610765400000691e-13
7.989700000000000273e+02 6.888799236999999868e-13
7.991600000000000819e+02 6.918240212400000140e-13
7.993500000000000227e+02 6.666690908999999972e-13
7.995399999999999636e+02 6.739666462199999682e-13
7.997300000000000182e+02 6.987193026200000534e-13
7.999199999999999591e+02 6.904037527199999848e-13
8.001100000000000136e+02 6.861103272000000084e-13
8.002999999999999545e+02 6.993653636999999887e-13
8.004900000000000091e+02 7.201039937099998947e-13
8.006800000000000637e+02 7.323595769599999969e-13
8.008700000000000045e+02 7.421990646699999635e-13
8.010600000000000591e+02 7.462666949400000023e-13
8.012500000000000000e+02 7.553199462499999454e-13
8.014399999999999409e+02 7.490907406400000352e-13
8.016299999999999955e+02 7.422797196900000740e-13
8.018199999999999363e+02 7.552077979399999971e-13
8.020099999999999909e+02 7.476016415999999722e-13
8.022000000000000455e+02 7.246890294000000194e-13
8.023899999999999864e+02 7.414605153499999561e-13
8.025800000000000409e+02 7.364450002600000713e-13
8.027699999999999818e+02 7.744490771699999595e-13
8.029600000000000364e+02 7.954434914400000821e-13
8.031499999999999773e+02 8.210361504999999864e-13
8.033399999999999181e+02 7.944952265999999163e-13
8.035299999999999727e+02 7.782196085300000335e-13
8.037200000000000273e+02 7.960629595599999078e-13
8.039100000000000819e+02 8.149476843000000550e-13
8.041000000000000227e+02 8.131059200000000840e-13
8.042899999999999636e+02 8.006521963300000398e-13
8.044800000000000182e+02 7.816126560000000657e-13
8.046699999999999591e+02 8.334369525000000088e-13
8.048600000000000136e+02 8.274282743999999717e-13
8.050499999999999545e+02 8.549308979999999502e-13
8.052400000000000091e+02 8.709717412000000511e-13
8.054300000000000637e+02 8.831539950000000728e-13
8.056200000000000045e+02 8.604424410000000005e-13
8.058100000000000591e+02 8.428933762000000483e-13
8.060000000000000000e+02 8.416977399999999657e-13
8.061899999999999409e+02 8.561576561999999200e-13
8.063799999999999955e+02 8.490697572000000674e-13
8.065699999999999363e+02 8.640784409999999862e-13
8.067599999999999909e+02 8.801106192000000127e-13
8.069500000000000455e+02 8.706667720000000156e-13
8.071399999999999864e+02 8.543011901999999989e-13
8.073300000000000409e+02 8.854876172999999803e-13
8.075199999999999818e+02 8.917362607999999108e-13
8.077100000000000364e+02 9.013801287000000984e-13
8.078999999999999773e+02 8.970275280000000569e-13
8.080899999999999181e+02 8.624663761000000530e-13
8.082799999999999727e+02 8.963663544000000216e-13
8.084700000000000273e+02 9.253585926000000396e-13
8.086600000000000819e+02 9.381264660000000301e-13
8.088500000000000227e+02 9.123666230000000124e-13
8.090399999999999636e+02 8.871770832000000326e-13
8.092300000000000182e+02 9.279845025000001455e-13
8.094199999999999591e+02 9.046563571999999914e-13
8.096100000000000136e+02 9.093215676000000401e-13
8.097999999999999545e+02 9.281036820000001358e-13
8.099900000000000091e+02 9.223842123999999647e-13
8.101800000000000637e+02 9.007014113999999305e-13
8.103700000000000045e+02 9.112286501999999673e-13
8.105600000000000591e+02 9.482336160000000452e-13
8.107500000000000000e+02 9.442886324999999862e-13
8.109399999999999409e+02 9.651564597999999612e-13
8.111299999999999955e+02 9.420707158999999435e-13
8.113199999999999363e+02 8.965410528000000474e-13
8.115099999999999909e+02 9.354762676000000720e-13
8.117000000000000455e+02 9.599245369999998213e-13
8.118899999999999864e+02 9.604252755000000617e-13
8.120800000000000409e+02 9.613078207999999585e-13
8.122699999999999818e+02 9.618982566999999594e-13
8.124600000000000364e+02 9.592308990000000899e-13
8.126499999999999773e+02 9.675573429999998728e-13
8.128399999999999181e+02 9.737741916000000655e-13
8.130299999999999727e+02 9.587168457000001137e-13
8.132200000000000273e+02 9.596646575999999918e-13
8.134100000000000819e+02 9.743838390000000817e-13
8.136000000000000227e+02 9.887192639999999827e-13
8.137899999999999636e+02 9.954279280000000503e-13
8.139800000000000182e+02 9.481727427999999861e-13
8.141699999999999591e+02 9.474496290000000270e-13
8.143600000000000136e+02 9.546253664000001704e-13
8.145499999999999545e+02 9.515491644999999777e-13
8.147400000000000091e+02 9.708197418000000121e-13
8.149300000000000637e+02 9.455306817999998820e-13
8.151200000000000045e+02 9.440230767999999512e-13
8.153100000000000591e+02 9.883758536999999862e-13
8.155000000000000000e+02 9.449932450000000105e-13
8.156899999999999409e+02 9.254818739999999131e-13
8.158799999999999955e+02 8.949306132000000329e-13
8.160699999999999363e+02 9.027284733000000133e-13
8.162599999999999909e+02 9.272876851999999295e-13
8.164500000000000455e+02 9.575897115000000294e-13
8.166399999999999864e+02 9.537538559999998614e-13
8.168300000000000409e+02 9.692423097000000282e-13
8.170199999999999818e+02 9.951467004000001579e-13
8.172100000000000364e+02 9.619705793999999798e-13
8.173999999999999773e+02 9.269724700000000094e-13
8.175899999999999181e+02 8.503426554000000353e-13
8.177799999999999727e+02 7.374674617600000399e-13
8.179700000000000273e+02 6.250853122699999016e-13
8.181600000000000819e+02 6.556660605599999617e-13
8.183500000000000227e+02 7.279485122000000022e-13
8.185399999999999636e+02 7.835359554399999447e-13
8.187300000000000182e+02 8.247312908999999898e-13
8.189199999999999591e+02 6.930577284399999885e-13
8.191100000000000136e+02 5.702766686499999678e-13
8.192999999999999545e+02 5.800889789999999933e-13
8.194900000000000091e+02 6.633771549999999597e-13
8.196799999999999500e+02 7.448087894399999998e-13
8.198700000000001182e+02 8.602977897000001470e-13
8.200600000000000591e+02 9.184179964000000082e-13
8.202500000000000000e+02 9.126839724999998542e-13
8.204399999999999409e+02 9.161689391999998606e-13
8.206299999999998818e+02 9.366014315999998736e-13
8.208200000000000500e+02 9.503536042000000108e-13
8.210099999999999909e+02 9.556310097000001062e-13
8.212000000000000455e+02 9.784680119999998479e-13
8.213899999999999864e+02 9.310291372000000388e-13
8.215799999999999272e+02 9.468216551999997762e-13
8.217700000000000955e+02 9.773310610000000922e-13
8.219600000000000364e+02 9.566545852000000636e-13
8.221499999999999773e+02 9.396187919999999538e-13
8.223399999999999181e+02 8.901912733999999451e-13
8.225299999999999727e+02 8.964178698999998754e-13
8.227200000000000273e+02 8.767151136000000965e-13
8.229100000000000819e+02 8.906437221000000508e-13
8.231000000000000227e+02 9.373874349999999201e-13
8.232899999999999636e+02 9.547035497999999970e-13
8.234799999999999045e+02 9.724392971999999315e-13
8.236700000000000728e+02 1.004333777800000094e-12
8.238600000000000136e+02 9.878740488000000640e-13
8.240499999999999545e+02 9.903762520000000605e-13
8.242400000000000091e+02 1.008185640799999970e-12
8.244299999999999500e+02 1.048526562599999806e-12
8.246200000000001182e+02 1.067577790600000019e-12
8.248100000000000591e+02 1.008800366700000180e-12
8.250000000000000000e+02 9.739372500000000160e-13
8.251899999999999409e+02 9.636156225000000656e-13
8.253799999999998818e+02 9.388697499999998729e-13
8.255700000000000500e+02 9.733470300000000299e-13
8.257599999999999909e+02 9.614653983999999618e-13
8.259500000000000455e+02 1.015455967999999915e-12
8.261399999999999864e+02 1.044059209199999949e-12
8.263299999999999272e+02 1.034151994999999890e-12
8.265200000000000955e+02 1.035001404800000184e-12
8.267100000000000364e+02 1.016001788700000098e-12
8.268999999999999773e+02 9.843665670000000691e-13
8.270899999999999181e+02 9.463481070999999920e-13
8.272799999999999727e+02 9.350166743999999053e-13
8.274700000000000273e+02 9.374986859000000947e-13
8.276600000000000819e+02 9.161534072000000065e-13
8.278500000000000227e+02 9.279867359999999484e-13
8.280399999999999636e+02 9.443796200000000036e-13
8.282299999999999045e+02 9.709837227999997650e-13
8.284200000000000728e+02 9.485243316000001479e-13
8.286100000000000136e+02 9.277780447999999591e-13
8.287999999999999545e+02 9.458680000000001455e-13
8.289900000000000091e+02 9.282781322999998560e-13
8.291799999999999500e+02 9.087729881999999596e-13
8.293700000000001182e+02 9.440884584000001200e-13
8.295600000000000591e+02 9.553959564000000321e-13
8.297500000000000000e+02 9.223666949999999063e-13
8.299399999999999409e+02 9.182456160000000321e-13
8.301299999999998818e+02 9.208134011999998963e-13
8.303200000000000500e+02 9.553246760000000544e-13
8.305099999999999909e+02 9.609582057000001703e-13
8.307000000000000455e+02 9.521234189999999321e-13
8.308899999999999864e+02 9.253538841000000196e-13
8.310799999999999272e+02 9.333776371999998647e-13
8.312700000000000955e+02 9.774571422000001747e-13
8.314600000000000364e+02 9.828854952000000439e-13
8.316499999999999773e+02 9.782782114999999568e-13
8.318399999999999181e+02 9.512339952000000147e-13
8.320299999999999727e+02 9.615021882999999172e-13
8.322200000000000273e+02 9.542234520000000573e-13
8.324100000000000819e+02 9.049129110000000410e-13
8.326000000000000227e+02 9.106146200000000965e-13
8.327899999999999636e+02 9.572421375999998863e-13
8.329799999999999045e+02 9.500553389999999800e-13
8.331700000000000728e+02 9.212693957999999599e-13
8.333600000000000136e+02 9.332048615999999093e-13
8.335499999999999545e+02 9.530643989999999263e-13
8.337400000000000091e+02 9.621192852000000090e-13
8.339299999999999500e+02 1.014600934499999968e-12
8.341200000000001182e+02 9.206265852000000075e-13
8.343100000000000591e+02 9.326668059000000892e-13
8.345000000000000000e+02 9.594580299999999464e-13
8.346899999999999409e+02 9.663957351000000408e-13
8.348799999999998818e+02 9.658309279999999695e-13
8.350700000000000500e+02 9.510779244000000556e-13
8.352599999999999909e+02 9.838778118000000157e-13
8.354500000000000455e+02 9.920718115000001011e-13
8.356399999999999864e+02 9.879521027999999581e-13
8.358299999999999272e+02 9.279217493999999673e-13
8.360200000000000955e+02 9.290941065999999685e-13
8.362100000000000364e+02 9.418149609000000908e-13
8.363999999999999773e+02 9.549680639999999640e-13
8.365899999999999181e+02 9.913507840999999683e-13
8.367799999999999727e+02 9.619873914000000074e-13
8.369700000000000273e+02 9.613772208000000349e-13
8.371600000000000819e+02 9.582886804000000221e-13
8.373500000000000227e+02 9.307898865000000831e-13
8.375399999999999636e+02 9.285973488000000243e-13
8.377299999999999045e+02 9.231030642999998676e-13
8.379200000000000728e+02 8.840223584000000838e-13
8.381100000000000136e+02 8.983114413000000390e-13
8.382999999999999545e+02 8.540432740000000684e-13
8.384900000000000091e+02 8.960104139999999239e-13
8.386799999999999500e+02 9.390029015999999446e-13
8.388700000000001182e+02 9.487871361000000472e-13
8.390600000000000591e+02 9.271109564000000168e-13
8.392500000000000000e+02 9.391291425000000078e-13
8.394399999999999409e+02 9.642479392000000236e-13
8.396299999999998818e+02 9.813175624999999085e-13
8.398200000000000500e+02 9.818335620000001213e-13
8.400099999999999909e+02 9.772424337000000980e-13
8.402000000000000455e+02 9.965864260000000224e-13
8.403899999999999864e+02 9.806931104999999766e-13
8.405799999999999272e+02 1.008687594200000027e-12
8.407700000000000955e+02 9.854833324000000259e-13
8.409600000000000364e+02 9.364762367999999345e-13
8.411499999999999773e+02 9.786948479999999784e-13
8.413399999999999181e+02 9.863533623999998568e-13
8.415299999999999727e+02 9.884611379999998439e-13
8.417200000000000273e+02 9.471959332000000561e-13
8.419100000000000819e+02 9.445556671999999380e-13
8.421000000000000227e+02 9.323057520000000002e-13
8.422899999999999636e+02 9.061187361999999993e-13
8.424799999999999045e+02 9.274104087999999349e-13
8.426700000000000728e+02 9.592196877000002436e-13
8.428600000000000136e+02 9.204874059999999734e-13
8.430499999999999545e+02 8.213954176999999270e-13
8.432400000000000091e+02 7.389927685199999138e-13
8.434299999999999500e+02 8.157376628099999491e-13
8.436200000000001182e+02 8.682283954000000576e-13
8.438100000000000591e+02 8.633273252999999789e-13
8.440000000000000000e+02 8.374860080000000612e-13
8.441899999999999409e+02 8.386563345499998806e-13
8.443799999999998818e+02 8.323180316999999919e-13
8.445700000000000500e+02 8.333946497600000930e-13
8.447599999999999909e+02 8.049777173200000705e-13
8.449500000000000455e+02 7.529797273500000580e-13
8.451399999999999864e+02 7.468747270599999432e-13
8.453299999999999272e+02 7.750517997899999697e-13
8.455200000000000955e+02 8.003743051200000090e-13
8.457100000000000364e+02 7.930171927400000353e-13
8.458999999999999773e+02 7.570187492999999463e-13
8.460899999999999181e+02 7.596069106499999238e-13
8.462799999999999727e+02 7.655228847199998503e-13
8.464700000000000273e+02 7.264566369300000525e-13
8.466600000000000819e+02 7.354469757000000102e-13
8.468500000000000227e+02 7.526066040499999899e-13
8.470399999999999636e+02 7.908100966399999219e-13
8.472299999999999045e+02 8.071238262599999244e-13
8.474200000000000728e+02 8.219109631600000890e-13
8.476100000000000136e+02 8.107025177699999997e-13
8.477999999999999545e+02 7.814537153999999986e-13
8.479900000000000091e+02 7.989464983499998934e-13
8.481799999999999500e+02 8.186879332199999329e-13
8.483700000000001182e+02 8.224904731499999918e-13
8.485600000000000591e+02 8.480033446400000254e-13
8.487500000000000000e+02 8.511689374999999896e-13
8.489399999999999409e+02 8.616231635999999914e-13
8.491299999999998818e+02 8.762512121999999292e-13
8.493200000000000500e+02 8.342607070800000395e-13
8.495099999999999909e+02 7.981401303000000755e-13
8.497000000000000455e+02 8.009144745000000417e-13
8.498899999999999864e+02 8.269642172500000013e-13
8.500799999999999272e+02 8.341154975999999867e-13
8.502700000000000955e+02 7.705393318300001069e-13
8.504600000000000364e+02 7.546106066199999471e-13
8.506499999999999773e+02 7.806840374999999695e-13
8.508399999999999181e+02 7.854580510400000403e-13
8.510299999999999727e+02 7.821859281499998925e-13
8.512200000000000273e+02 7.721986937400000554e-13
8.514100000000000819e+02 8.004965334100001020e-13
8.516000000000000227e+02 7.984192831999999723e-13
8.517899999999999636e+02 8.276417534999999858e-13
8.519799999999999045e+02 8.470325521399998861e-13
8.521700000000000728e+02 8.143362085100000824e-13
8.523600000000000136e+02 7.951308448800000530e-13
8.525499999999999545e+02 8.450867772999999705e-13
8.527400000000000091e+02 8.668016826000000211e-13
8.529299999999999500e+02 8.302744733399999857e-13
8.531200000000001182e+02 8.294484793600000363e-13
8.533100000000000591e+02 8.460056664000000450e-13
8.535000000000000000e+02 8.441780730000000060e-13
8.536899999999999409e+02 8.144885551999999026e-13
8.538799999999998818e+02 8.255841245599999537e-13
8.540700000000000500e+02 8.533525812000000719e-13
8.542599999999999909e+02 8.624779812000000241e-13
8.544500000000000455e+02 8.610890765000000437e-13
8.546399999999999864e+02 8.960644008000000111e-13
8.548299999999999272e+02 8.944770153999999417e-13
8.550200000000000955e+02 8.995579918000000709e-13
8.552100000000000364e+02 9.013229231999999690e-13
8.553999999999999773e+02 8.850909339999999636e-13
8.555899999999999181e+02 8.655233998999999783e-13
8.557799999999999727e+02 8.808457961999999457e-13
8.559700000000000273e+02 8.683986844000000631e-13
8.561600000000000819e+02 9.069302880000001035e-13
8.563500000000000227e+02 9.334300634999999963e-13
8.565399999999999636e+02 9.188618503999998279e-13
8.567299999999999045e+02 9.046811780999999118e-13
8.569200000000000728e+02 8.983435128000000866e-13
8.571100000000000136e+02 9.180505210000001381e-13
8.572999999999999545e+02 9.051973510000000744e-13
8.574900000000000091e+02 9.062297316000000022e-13
8.576799999999999500e+02 9.135921591999998866e-13
8.578700000000001182e+02 9.274003635000000427e-13
8.580600000000000591e+02 9.240019110000000417e-13
8.582500000000000000e+02 8.894044749999999850e-13
8.584399999999999409e+02 9.415026543999999532e-13
8.586299999999998818e+02 9.167077331999998791e-13
8.588200000000000500e+02 9.241504374000001095e-13
8.590099999999999909e+02 8.912915958000000793e-13
8.592000000000000455e+02 9.433414559999999370e-13
8.593899999999999864e+02 9.475634139999999567e-13
8.595799999999999272e+02 9.326786831999998031e-13
8.597700000000000955e+02 9.482317352999999515e-13
8.599600000000000364e+02 9.339509583999999525e-13
8.601499999999999773e+02 9.382000110000000355e-13
8.603399999999999181e+02 9.284617211999999693e-13
8.605299999999999727e+02 9.344581322999999367e-13
8.607200000000000273e+02 9.359727496000000848e-13
8.609100000000000819e+02 9.421971222000000084e-13
8.611000000000000227e+02 9.289374579999999684e-13
8.612899999999999636e+02 9.179198174999999254e-13
8.614799999999999045e+02 9.359118719999999634e-13
8.616700000000000728e+02 9.129307483000001118e-13
8.618600000000000136e+02 9.451242945999999431e-13
8.620499999999999545e+02 9.569013614999999014e-13
8.622400000000000091e+02 9.526372415999999594e-13
8.624299999999999500e+02 9.999789606999998077e-13
8.626200000000001182e+02 9.428350338000001298e-13
8.628100000000000591e+02 9.466147353000001211e-13
8.630000000000000000e+02 9.574467200000000096e-13
8.631899999999999409e+02 9.745760375999998030e-13
8.633799999999998818e+02 9.633680377999998306e-13
8.635700000000000500e+02 9.413690213000000155e-13
8.637599999999999909e+02 9.741571656000000419e-13
8.639500000000000455e+02 9.767991489999999833e-13
8.641399999999999864e+02 9.608027003999998349e-13
8.643299999999999272e+02 9.226031285999997982e-13
8.645200000000000955e+02 9.652625156000000077e-13
8.647100000000000364e+02 9.751075257000000355e-13
8.648999999999999773e+02 9.728222220000000556e-13
8.650899999999999181e+02 9.868081629999998450e-13
8.652799999999999727e+02 9.635065855999999090e-13
8.654700000000000273e+02 9.303802500000000634e-13
8.656600000000000819e+02 9.333546119999999081e-13
8.658500000000000227e+02 8.879984429999999865e-13
8.660399999999999636e+02 8.818712111999999915e-13
8.662299999999999045e+02 9.565604643999999193e-13
8.664200000000000728e+02 1.005766328600000051e-12
8.666100000000000136e+02 1.044386375400000071e-12
8.667999999999999545e+02 1.038625763999999918e-12
8.669900000000000091e+02 9.884379591999999149e-13
8.671799999999999500e+02 9.451481537999998884e-13
8.673700000000001182e+02 9.807352590000001221e-13
8.675600000000000591e+02 1.029420669200000240e-12
8.677500000000000000e+02 9.968278124999998524e-13
8.679399999999999409e+02 9.905104867999998867e-13
8.681299999999998818e+02 1.014132103399999935e-12
8.683200000000000500e+02 9.800033184000001745e-13
8.685099999999999909e+02 9.364361671000000584e-13
8.687000000000000455e+02 9.144196810000000816e-13
8.688899999999999864e+02 9.623564972999998332e-13
8.690799999999999272e+02 9.466280083999999686e-13
8.692700000000000955e+02 9.353866762000001789e-13
8.694600000000000364e+02 9.433293216000001022e-13
8.696499999999999773e+02 9.597979190000000121e-13
8.698399999999999181e+02 9.736901976000000544e-13
8.700299999999999727e+02 9.623314826999997994e-13
8.702200000000000273e+02 9.867772668000000623e-13
8.704100000000000819e+02 9.785410342999998812e-13
8.706000000000000227e+02 9.557011499999999136e-13
8.707899999999999636e+02 9.560838804999999433e-13
8.709799999999999045e+02 9.326540938000000082e-13
8.711700000000000728e+02 9.203736816000001400e-13
8.713600000000000136e+02 9.348908575999999141e-13
8.715499999999999545e+02 9.662962005000000446e-13
8.717400000000000091e+02 1.019473777799999967e-12
8.719299999999999500e+02 1.007410483399999852e-12
8.721200000000001182e+02 9.952459016000002331e-13
8.723100000000000591e+02 1.046327121899999898e-12
8.725000000000000000e+02 1.081777850000000032e-12
8.726899999999999409e+02 1.016264958800000108e-12
8.728799999999998818e+02 9.985485335999999068e-13
8.730700000000000500e+02 1.019466377600000144e-12
8.732599999999999909e+02 1.000528912399999960e-12
8.734500000000000455e+02 9.913832189999999947e-13
8.736399999999999864e+02 9.788437287999999066e-13
8.738299999999999272e+02 1.006346319499999919e-12
8.740200000000000955e+02 1.049400853200000138e-12
8.742100000000000364e+02 1.061859176499999962e-12
8.743999999999999773e+02 1.014679992000000127e-12
8.745899999999999181e+02 1.031622634500000003e-12
8.747799999999999727e+02 1.054398577399999940e-12
8.749700000000000273e+02 1.056683769600000025e-12
8.751600000000000819e+02 1.046848888800000051e-12
8.753500000000000227e+02 1.041552704500000143e-12
8.755399999999999636e+02 1.099660729199999863e-12
8.757299999999999045e+02 1.093436477999999924e-12
8.759200000000000728e+02 1.048125872000000236e-12
8.761100000000000136e+02 1.046092862200000085e-12
8.762999999999999545e+02 1.014282197999999916e-12
8.764900000000000091e+02 1.022644707499999822e-12
8.766799999999999500e+02 1.067287765599999811e-12
8.768700000000001182e+02 1.136721655799999988e-12
8.770600000000000591e+02 1.142177696799999871e-12
8.772500000000000000e+02 1.140319730000000018e-12
8.774399999999999409e+02 1.089885772799999967e-12
8.776299999999998818e+02 1.046635209100000042e-12
8.778200000000000500e+02 1.047441158600000217e-12
8.780099999999999909e+02 1.078898688000000213e-12
8.782000000000000455e+02 1.106128028000000030e-12
8.783899999999999864e+02 1.127132480199999915e-12
8.785799999999999272e+02 1.111640916599999889e-12
8.787700000000000955e+02 1.109060466200000071e-12
8.789600000000000364e+02 1.122115494400000073e-12
8.791499999999999773e+02 1.130683606500000039e-12
8.793399999999999181e+02 1.192771949599999902e-12
8.795299999999999727e+02 1.152641655599999789e-12
8.797200000000000273e+02 1.079161321200000096e-12
8.799100000000000819e+02 1.030128235200000039e-12
8.801000000000000227e+02 1.056384029999999931e-12
8.802899999999999636e+02 1.047906018900000045e-12
8.804799999999999045e+02 1.081731313599999992e-12
8.806700000000000728e+02 1.142854265700000059e-12
8.808600000000000136e+02 1.169121435000000071e-12
8.810499999999999545e+02 1.154245984000000071e-12
8.812400000000000091e+02 1.188581262399999894e-12
8.814299999999999500e+02 1.210106432699999894e-12
8.816200000000001182e+02 1.152056935000000170e-12
8.818100000000000591e+02 1.122773400599999996e-12
8.820000000000000000e+02 1.071621180000000148e-12
8.821899999999999409e+02 1.045059917799999975e-12
8.823799999999998818e+02 1.072232880800000028e-12
8.825700000000000500e+02 1.112205888300000189e-12
8.827599999999999909e+02 1.145010340800000075e-12
8.829500000000000455e+02 1.176875225499999984e-12
8.831399999999999864e+02 1.184140606199999989e-12
8.833299999999999272e+02 1.185985357899999769e-12
8.835200000000000955e+02 1.180206016000000088e-12
8.837100000000000364e+02 1.233075911399999930e-12
8.838999999999999773e+02 1.234304476999999997e-12
8.840899999999999181e+02 1.113944559100000114e-12
8.842799999999999727e+02 1.067838842400000003e-12
8.844700000000000273e+02 1.139453856300000161e-12
8.846600000000000819e+02 1.167565421400000141e-12
8.848500000000000227e+02 1.216429840499999910e-12
8.850399999999999636e+02 1.199503562399999927e-12
8.852299999999999045e+02 1.190289110299999931e-12
8.854200000000000728e+02 1.175713801199999980e-12
8.856100000000000136e+02 1.059942328500000045e-12
8.857999999999999545e+02 9.861611400000000830e-13
8.859900000000000091e+02 1.033595933999999945e-12
8.861799999999999500e+02 1.080350899800000057e-12
8.863700000000001182e+02 1.115682782700000093e-12
8.865600000000000591e+02 1.031415038399999996e-12
8.867500000000000000e+02 9.722504349999999504e-13
8.869399999999999409e+02 9.248034686000000456e-13
8.871299999999998818e+02 9.238216967999998667e-13
8.873200000000000500e+02 1.023949533600000154e-12
8.875099999999999909e+02 1.066609518000000186e-12
8.877000000000000455e+02 1.071098820000000036e-12
8.878899999999999864e+02 1.029384150399999962e-12
8.880799999999999272e+02 1.062525554400000035e-12
8.882700000000000955e+02 1.042473672000000096e-12
8.884600000000000364e+02 1.042474540999999984e-12
8.886499999999999773e+02 1.066895416999999862e-12
8.888399999999999181e+02 1.062119358000000100e-12
8.890299999999999727e+02 1.014107630699999869e-12
8.892200000000000273e+02 1.038182134400000247e-12
8.894100000000000819e+02 1.049975187299999990e-12
8.896000000000000227e+02 1.036784319999999980e-12
8.897899999999999636e+02 1.044631255800000096e-12
8.899799999999999045e+02 1.153725572999999905e-12
8.901700000000000728e+02 1.286892063900000119e-12
8.903600000000000136e+02 1.154894859600000213e-12
8.905499999999999545e+02 1.127881574999999936e-12
8.907400000000000091e+02 1.144868121999999768e-12
8.909299999999999500e+02 1.094507504999999760e-12
8.911200000000001182e+02 1.110522655200000151e-12
8.913100000000000591e+02 1.141705718300000157e-12
8.915000000000000000e+02 1.119474380000000019e-12
8.916899999999999409e+02 1.125366281399999949e-12
8.918799999999998818e+02 1.156937817199999917e-12
8.920700000000000500e+02 1.106443341700000257e-12
8.922599999999999909e+02 1.098675428400000199e-12
8.924500000000000455e+02 1.104210536000000153e-12
8.926399999999999864e+02 1.123806980799999922e-12
8.928299999999999272e+02 1.136956506899999815e-12
8.930200000000000955e+02 1.161970833400000155e-12
8.932100000000000364e+02 1.153839745900000045e-12
8.933999999999999773e+02 1.116884009999999955e-12
8.935899999999999181e+02 1.078563129999999828e-12
8.937799999999999727e+02 1.059433185199999954e-12
8.939700000000000273e+02 1.071610778700000042e-12
8.941600000000000819e+02 1.041758991199999900e-12
8.943500000000000227e+02 1.026078811499999958e-12
8.945399999999999636e+02 1.091553489600000057e-12
8.947299999999999045e+02 1.096348458199999924e-12
8.949200000000000728e+02 1.078405447599999920e-12
8.951100000000000136e+02 1.075268789699999959e-12
8.952999999999999545e+02 1.037410969000000066e-12
8.954900000000000091e+02 1.062570524199999909e-12
8.956799999999999500e+02 1.057995129599999802e-12
8.958700000000001182e+02 1.073144755600000150e-12
8.960600000000000591e+02 1.069698506799999904e-12
8.962500000000000000e+02 1.039443862500000071e-12
8.964399999999999409e+02 1.108062590800000002e-12
8.966299999999998818e+02 1.093520981699999915e-12
8.968200000000000500e+02 1.068103651800000094e-12
8.970099999999999909e+02 1.062041899800000080e-12
8.972000000000000455e+02 1.083584328000000093e-12
8.973899999999999864e+02 1.127732065199999976e-12
8.975799999999999272e+02 1.103215577999999994e-12
8.977700000000000955e+02 1.105693531999999901e-12
8.979600000000000364e+02 1.145069612400000069e-12
8.981499999999999773e+02 1.148626072000000176e-12
8.983399999999999181e+02 1.093297746800000011e-12
8.985299999999999727e+02 1.007288071200000062e-12
8.987200000000000273e+02 1.002378364800000210e-12
8.989100000000000819e+02 1.013530014099999981e-12
8.991000000000000227e+02 1.068319610999999860e-12
8.992899999999999636e+02 1.116099826099999925e-12
8.994799999999999045e+02 1.129117243999999753e-12
8.996700000000000728e+02 1.064480547300000124e-12
8.998600000000000136e+02 1.055283819199999891e-12
9.000499999999999545e+02 1.075928770500000083e-12
9.002400000000000091e+02 1.108546533599999899e-12
9.004299999999999500e+02 1.112058062900000090e-12
9.006200000000001182e+02 1.101323167000000064e-12
9.008100000000000591e+02 1.150010078400000202e-12
9.010000000000000000e+02 1.174913010000000091e-12
9.011899999999999409e+02 1.128316915699999916e-12
9.013799999999998818e+02 1.105533556199999869e-12
9.015700000000000500e+02 1.110869475499999975e-12
9.017599999999999909e+02 1.064428486400000110e-12
9.019500000000000455e+02 1.070930332499999911e-12
9.021399999999999864e+02 1.078237727999999862e-12
9.023299999999999272e+02 1.037363684499999936e-12
9.025200000000000955e+02 1.082265883199999976e-12
9.027100000000000364e+02 1.118006335000000186e-12
9.028999999999999773e+02 1.174690958000000008e-12
9.030899999999999181e+02 1.160190692099999975e-12
9.032799999999999727e+02 1.186666034399999862e-12
9.034700000000000273e+02 1.218022115200000017e-12
9.036600000000000819e+02 1.213371391799999966e-12
9.038500000000000227e+02 1.186845435000000007e-12
9.040399999999999636e+02 1.185087955199999815e-12
9.042299999999999045e+02 1.202038150499999921e-12
9.044200000000000728e+02 1.234705139800000247e-12
9.046100000000000136e+02 1.183790738200000149e-12
9.047999999999999545e+02 1.182890280000000022e-12
9.049900000000000091e+02 1.193573211200000010e-12
9.051799999999999500e+02 1.220164536399999951e-12
9.053700000000001182e+02 1.155333603300000040e-12
9.055600000000000591e+02 1.102618911600000008e-12
9.057500000000000000e+02 1.157385465000000107e-12
9.059399999999999409e+02 1.170782499600000027e-12
9.061299999999998818e+02 1.150150808999999875e-12
9.063200000000000500e+02 1.115181444000000119e-12
9.065099999999999909e+02 1.142637724800000174e-12
9.067000000000000455e+02 1.103725910000000126e-12
9.068899999999999864e+02 1.080332712499999851e-12
9.070799999999999272e+02 1.114347779999999761e-12
9.072700000000000955e+02 1.170405518100000118e-12
9.074600000000000364e+02 1.198101288800000009e-12
9.076499999999999773e+02 1.166611621500000054e-12
9.078399999999999181e+02 1.164658857599999910e-12
9.080299999999999727e+02 1.187194743199999841e-12
9.082200000000000273e+02 1.164056491800000047e-12
9.084100000000000819e+02 1.082216085300000040e-12
9.086000000000000227e+02 1.076818203999999894e-12
9.087899999999999636e+02 1.111350203099999921e-12
9.089799999999999045e+02 1.167612079399999957e-12
9.091700000000000728e+02 1.181784624500000100e-12
9.093600000000000136e+02 1.147312231200000164e-12
9.095499999999999545e+02 1.201588314000000122e-12
9.097400000000000091e+02 1.176020898000000049e-12
9.099299999999999500e+02 1.178386647899999941e-12
9.101200000000001182e+02 1.175902343600000214e-12
9.103100000000000591e+02 1.119071392300000039e-12
9.105000000000000000e+02 1.157882849999999939e-12
9.106899999999999409e+02 1.241652959799999842e-12
9.108799999999998818e+02 1.252414455999999866e-12
9.110700000000000500e+02 1.244248299000000135e-12
9.112599999999999909e+02 1.202352894400000056e-12
9.114500000000000455e+02 1.149730373499999849e-12
9.116399999999999864e+02 1.156634133599999978e-12
9.118299999999999272e+02 1.217666900299999817e-12
9.120200000000000955e+02 1.245335949400000127e-12
9.122100000000000364e+02 1.239811977300000002e-12
9.123999999999999773e+02 1.357724192000000048e-12
9.125899999999999181e+02 1.394839059599999896e-12
9.127799999999999727e+02 1.201355396999999906e-12
9.129700000000000273e+02 1.189198203200000093e-12
9.131600000000000819e+02 1.183583202400000046e-12
9.133500000000000227e+02 1.149944183999999949e-12
9.135399999999999636e+02 1.131218311199999976e-12
9.137299999999999045e+02 1.181343242399999788e-12
9.139200000000000728e+02 1.239028761600000145e-12
9.141100000000000136e+02 1.248445732500000118e-12
9.142999999999999545e+02 1.251073261999999920e-12
9.144900000000000091e+02 1.253573747100000115e-12
9.146799999999999500e+02 1.262221812799999873e-12
9.148700000000001182e+02 1.169926607300000071e-12
9.150600000000000591e+02 1.153506334800000192e-12
9.152500000000000000e+02 1.176572179999999990e-12
9.154399999999999409e+02 1.239450833600000137e-12
9.156299999999998818e+02 1.266783261300000084e-12
9.158200000000000500e+02 1.266066200800000079e-12
9.160099999999999909e+02 1.319063560099999947e-12
9.162000000000000455e+02 1.318576716000000033e-12
9.163899999999999864e+02 1.282524460600000084e-12
9.165799999999999272e+02 1.297785621999999858e-12
9.167700000000000955e+02 1.268470475100000015e-12
9.169600000000000364e+02 1.207883899199999953e-12
9.171499999999999773e+02 1.171649953499999820e-12
9.173399999999999181e+02 1.162086311999999855e-12
9.175299999999999727e+02 1.247235230199999749e-12
9.177200000000000273e+02 1.276787127200000144e-12
9.179100000000000819e+02 1.270047813299999949e-12
9.181000000000000227e+02 1.270733028999999982e-12
9.182899999999999636e+02 1.273245816599999928e-12
9.184799999999999045e+02 1.308687043199999876e-12
9.186700000000000728e+02 1.318750785000000140e-12
9.188600000000000136e+02 1.299672338400000164e-12
9.190499999999999545e+02 1.310105774999999942e-12
9.192400000000000091e+02 1.277872293600000003e-12
9.194299999999999500e+02 1.306408892699999883e-12
9.196200000000001182e+02 1.342700377200000272e-12
9.198100000000000591e+02 1.331590540799999987e-12
9.200000000000000000e+02 1.308626399999999990e-12
9.201899999999999409e+02 1.297412688599999923e-12
9.203799999999998818e+02 1.274744707599999926e-12
9.205700000000000500e+02 1.206057168400000005e-12
9.207599999999999909e+02 1.235991393600000069e-12
9.209500000000000455e+02 1.279890262500000063e-12
9.211399999999999864e+02 1.271256102600000067e-12
9.213299999999999272e+02 1.294339663799999881e-12
9.215200000000000955e+02 1.292947851200000194e-12
9.217100000000000364e+02 1.313575006500000081e-12
9.218999999999999773e+02 1.289470749000000018e-12
9.220899999999999181e+02 1.322489140699999958e-12
9.222799999999999727e+02 1.338790870799999824e-12
9.224700000000000273e+02 1.325820007500000266e-12
9.226600000000000819e+02 1.273925888600000222e-12
9.228500000000000227e+02 1.223680642999999883e-12
9.230399999999999636e+02 1.228510857600000030e-12
9.232299999999999045e+02 1.187153760100000072e-12
9.234200000000000728e+02 1.245037951800000086e-12
9.236100000000000136e+02 1.283272970099999898e-12
9.237999999999999545e+02 1.262954694000000062e-12
9.239900000000000091e+02 1.212847753800000021e-12
9.241799999999999500e+02 1.229334994199999812e-12
9.243700000000001182e+02 1.226056636900000025e-12
9.245600000000000591e+02 1.194198678400000037e-12
9.247500000000000000e+02 1.227809070000000024e-12
9.249399999999999409e+02 1.225231020399999951e-12
9.251299999999998818e+02 1.229710549899999935e-12
9.253200000000000500e+02 1.237763551200000162e-12
9.255099999999999909e+02 1.287856420100000038e-12
9.257000000000000455e+02 1.266042861999999977e-12
9.258899999999999864e+02 1.284839035199999927e-12
9.260799999999999272e+02 1.312922137599999841e-12
9.262700000000000955e+02 1.360153393399999966e-12
9.264600000000000364e+02 1.317166711200000093e-12
9.266499999999999773e+02 1.232212837500000080e-12
9.268399999999999181e+02 1.271068375999999995e-12
9.270299999999999727e+02 1.281229622399999850e-12
9.272200000000000273e+02 1.221556716800000083e-12
9.274100000000000819e+02 1.175751849799999977e-12
9.276000000000000227e+02 1.154824896000000048e-12
9.277899999999999636e+02 1.164367172099999890e-12
9.279799999999999045e+02 1.186106916799999981e-12
9.281700000000000728e+02 1.147478007600000092e-12
9.283600000000000136e+02 1.136758252800000007e-12
9.285499999999999545e+02 1.183260550500000048e-12
9.287400000000000091e+02 1.161370795199999936e-12
9.289299999999999500e+02 1.147135656999999990e-12
9.291200000000001182e+02 1.182593227200000290e-12
9.293100000000000591e+02 1.159723121399999929e-12
9.295000000000000000e+02 1.133069795000000182e-12
9.296899999999999409e+02 1.074201013599999951e-12
9.298799999999998818e+02 1.085049075599999958e-12
9.300700000000000500e+02 1.045166162500000085e-12
9.302599999999999909e+02 1.056663728800000074e-12
9.304500000000000455e+02 1.045007003999999966e-12
9.306399999999999864e+02 1.056536979199999998e-12
9.308299999999999272e+02 1.110666356000000078e-12
9.310200000000000955e+02 1.002606127800000003e-12
9.312100000000000364e+02 8.333947703900000413e-13
9.313999999999999773e+02 8.678319500000000643e-13
9.315899999999999181e+02 9.793619351999999587e-13
9.317799999999999727e+02 1.106171944799999797e-12
9.319700000000000273e+02 9.580651600000000899e-13
9.321600000000000819e+02 8.867013532800000575e-13
9.323500000000000227e+02 9.708560549999999492e-13
9.325399999999999636e+02 1.031482493999999981e-12
9.327299999999999045e+02 1.044116616599999932e-12
9.329200000000000728e+02 1.027107603199999980e-12
9.331100000000000136e+02 9.699865072000001641e-13
9.332999999999999545e+02 8.780859720000000411e-13
9.334900000000000091e+02 9.138054963700000225e-13
9.336799999999999500e+02 9.258352206399999477e-13
9.338700000000001182e+02 8.314515432299999952e-13
9.340600000000000591e+02 7.525917572599999792e-13
9.342500000000000000e+02 7.843393107500000304e-13
9.344399999999999409e+02 9.791155763999999984e-13
9.346299999999998818e+02 1.086451297200000113e-12
9.348200000000000500e+02 1.046596427400000085e-12
9.350099999999999909e+02 9.726441525000000783e-13
9.352000000000000455e+02 8.699510959999999984e-13
9.353899999999999864e+02 8.140063104799999771e-13
9.355799999999999272e+02 8.753604577199999926e-13
9.357700000000000955e+02 9.994772216000000189e-13
9.359600000000000364e+02 1.044091458800000201e-12
9.361499999999999773e+02 1.019167781999999895e-12
9.363399999999999181e+02 9.906851735999999777e-13
9.365299999999999727e+02 8.772551432399999998e-13
9.367200000000000273e+02 7.765043479200000863e-13
9.369100000000000819e+02 8.795926569300000287e-13
9.371000000000000227e+02 9.729721880000000788e-13
9.372899999999999636e+02 9.179986972200000306e-13
9.374799999999999045e+02 8.362780965200000304e-13
9.376700000000000728e+02 7.987101190100000770e-13
9.378600000000000136e+02 9.146076370200001029e-13
9.380499999999999545e+02 1.049706091500000015e-12
9.382400000000000091e+02 1.025411878399999934e-12
9.384299999999999500e+02 1.063222421399999886e-12
9.386200000000001182e+02 1.197388147800000022e-12
9.388100000000000591e+02 1.229878652400000160e-12
9.390000000000000000e+02 1.257245880000000004e-12
9.391899999999999409e+02 1.237720933399999965e-12
9.393799999999998818e+02 1.187282381999999903e-12
9.395700000000000500e+02 1.169388822000000152e-12
9.397599999999999909e+02 1.148612262400000188e-12
9.399500000000000455e+02 1.140789116500000198e-12
9.401399999999999864e+02 1.232956004400000004e-12
9.403299999999999272e+02 1.218291548000000001e-12
9.405200000000000955e+02 1.155852054000000014e-12
9.407100000000000364e+02 1.099972203000000172e-12
9.408999999999999773e+02 1.161597503999999862e-12
9.410899999999999181e+02 1.194864329399999954e-12
9.412799999999999727e+02 1.134863644799999922e-12
9.414700000000000273e+02 1.181488361799999932e-12
9.416600000000000819e+02 1.184645946400000004e-12
9.418500000000000227e+02 1.212160950000000101e-12
9.420399999999999636e+02 1.219470779999999938e-12
9.422299999999999045e+02 1.079277353499999795e-12
9.424200000000000728e+02 9.554725170000000626e-13
9.426100000000000136e+02 1.017396677400000111e-12
9.427999999999999545e+02 1.159653427999999874e-12
9.429900000000000091e+02 1.205961621299999887e-12
9.431799999999999500e+02 1.189029298799999870e-12
9.433700000000001182e+02 1.072432449700000117e-12
9.435600000000000591e+02 9.600534288000001740e-13
9.437500000000000000e+02 8.321723250000000066e-13
9.439399999999999409e+02 9.346978834600000453e-13
9.441299999999998818e+02 1.020226877999999904e-12
9.443200000000000500e+02 1.116412876800000074e-12
9.445099999999999909e+02 1.145728410399999964e-12
9.447000000000000455e+02 1.247910912000000018e-12
9.448899999999999864e+02 1.217566356199999949e-12
9.450799999999999272e+02 1.115043187199999893e-12
9.452700000000000955e+02 1.007430955200000060e-12
9.454600000000000364e+02 9.795627421999999350e-13
9.456499999999999773e+02 9.566857355000000625e-13
9.458399999999999181e+02 1.039024156799999907e-12
9.460299999999999727e+02 1.177268112899999999e-12
9.462200000000000273e+02 1.146042739600000132e-12
9.464100000000000819e+02 1.153323618300000061e-12
9.466000000000000227e+02 1.183817960000000012e-12
9.467899999999999636e+02 1.231650707300000079e-12
9.469799999999999045e+02 1.176651059399999944e-12
9.471700000000000728e+02 1.194921256900000221e-12
9.473600000000000136e+02 1.116397444800000075e-12
9.475499999999999545e+02 1.034610893999999873e-12
9.477400000000000091e+02 1.015768777200000054e-12
9.479299999999999500e+02 1.099826303199999954e-12
9.481200000000001182e+02 1.140664209600000008e-12
9.483100000000000591e+02 1.268781881400000043e-12
9.485000000000000000e+02 1.306131925000000111e-12
9.486899999999999409e+02 1.313347462200000012e-12
9.488799999999998818e+02 1.211492028799999757e-12
9.490700000000000500e+02 1.108618157700000279e-12
9.492599999999999909e+02 1.120810267199999949e-12
9.494500000000000455e+02 1.144561975000000052e-12
9.496399999999999864e+02 9.916805627999999832e-13
9.498299999999999272e+02 1.008425012699999917e-12
9.500200000000000955e+02 1.199390749800000037e-12
9.502100000000000364e+02 1.400419497999999981e-12
9.503999999999999773e+02 1.420581888000000055e-12
9.505899999999999181e+02 1.453889381400000019e-12
9.507799999999999727e+02 1.414551468399999714e-12
9.509700000000000273e+02 1.401425469600000202e-12
9.511600000000000819e+02 1.299189443999999914e-12
9.513500000000000227e+02 1.195285653500000053e-12
9.515399999999999636e+02 1.160602853400000045e-12
9.517299999999999045e+02 1.188986771699999824e-12
9.519200000000000728e+02 1.172984381600000212e-12
9.521100000000000136e+02 1.273694673600000116e-12
9.522999999999999545e+02 1.305089058000000052e-12
9.524900000000000091e+02 1.239141865499999878e-12
9.526799999999999500e+02 1.306800682799999986e-12
9.528700000000001182e+02 1.358335242400000171e-12
9.530600000000000591e+02 1.333016430199999901e-12
9.532500000000000000e+02 1.301986980000000103e-12
9.534399999999999409e+02 1.355505647999999922e-12
9.536299999999998818e+02 1.357988192599999754e-12
9.538200000000000500e+02 1.273969683000000238e-12
9.540099999999999909e+02 1.165628498200000153e-12
9.542000000000000455e+02 1.144553357999999868e-12
9.543899999999999864e+02 1.215749701499999925e-12
9.545799999999999272e+02 1.310113320999999985e-12
9.547700000000000955e+02 1.335293583500000237e-12
9.549600000000000364e+02 1.271682033600000179e-12
9.551499999999999773e+02 1.157765969500000096e-12
9.553399999999999181e+02 1.136854599999999977e-12
9.555299999999999727e+02 1.259627422499999962e-12
9.557200000000000273e+02 1.315997768399999982e-12
9.559100000000000819e+02 1.278854634400000098e-12
9.561000000000000227e+02 1.218817157999999970e-12
9.562899999999999636e+02 1.323333227799999932e-12
9.564799999999999045e+02 1.366580364799999954e-12
9.566700000000000728e+02 1.343776948800000050e-12
9.568600000000000136e+02 1.330925279800000215e-12
9.570499999999999545e+02 1.388488140000000132e-12
9.572400000000000091e+02 1.450993964400000066e-12
9.574299999999999500e+02 1.405602982999999836e-12
9.576200000000001182e+02 1.319552479000000056e-12
9.578100000000000591e+02 1.348347449400000168e-12
9.580000000000000000e+02 1.427094279999999816e-12
9.581899999999999409e+02 1.438367754699999823e-12
9.583799999999998818e+02 1.377738336599999820e-12
9.585700000000000500e+02 1.288691922300000222e-12
9.587599999999999909e+02 1.252734991199999990e-12
9.589500000000000455e+02 1.229335541999999998e-12
9.591399999999999864e+02 1.278936458799999894e-12
9.593299999999999272e+02 1.290557869100000077e-12
9.595200000000000955e+02 1.284662947200000076e-12
9.597100000000000364e+02 1.395475922600000175e-12
9.598999999999999773e+02 1.448316318000000153e-12
9.600899999999999181e+02 1.398774322799999847e-12
9.602799999999999727e+02 1.380796214799999895e-12
9.604700000000000273e+02 1.411756434200000103e-12
9.606600000000000819e+02 1.375809219000000118e-12
9.608500000000000227e+02 1.436941566499999901e-12
9.610399999999999636e+02 1.427576868000000096e-12
9.612299999999999045e+02 1.378365370800000000e-12
9.614200000000000728e+02 1.408624513000000075e-12
9.616100000000000136e+02 1.303308497400000052e-12
9.617999999999999545e+02 1.331631336000000064e-12
9.619900000000000091e+02 1.297070356800000032e-12
9.621799999999999500e+02 1.339065905999999935e-12
9.623700000000001182e+02 1.412200985400000213e-12
9.625600000000000591e+02 1.382698188800000079e-12
9.627500000000000000e+02 1.444288667499999976e-12
9.629399999999999409e+02 1.437226467599999943e-12
9.631299999999998818e+02 1.330833771399999966e-12
9.633200000000000500e+02 1.154885815200000061e-12
9.635099999999999909e+02 1.190426240099999975e-12
9.637000000000000455e+02 1.305090725000000061e-12
9.638899999999999864e+02 1.322852274900000067e-12
9.640799999999999272e+02 1.166642848800000032e-12
9.642700000000000955e+02 1.121417081900000195e-12
9.644600000000000364e+02 1.202054721000000141e-12
9.646499999999999773e+02 1.362857520000000054e-12
9.648399999999999181e+02 1.417928863999999899e-12
9.650299999999999727e+02 1.368103730399999956e-12
9.652200000000000273e+02 1.438419104999999972e-12
9.654100000000000819e+02 1.478901924899999993e-12
9.656000000000000227e+02 1.382797135999999935e-12
9.657899999999999636e+02 1.348320103200000011e-12
9.659799999999999045e+02 1.419121218000000036e-12
9.661700000000000728e+02 1.427709409000000158e-12
9.663600000000000136e+02 1.335838082399999957e-12
9.665499999999999545e+02 1.310525813999999828e-12
9.667400000000000091e+02 1.434506816399999968e-12
9.669299999999999500e+02 1.338221450699999933e-12
9.671200000000001182e+02 1.253967792000000153e-12
9.673100000000000591e+02 1.428407330800000058e-12
9.675000000000000000e+02 1.503107999999999900e-12
9.676899999999999409e+02 1.378919542399999926e-12
9.678799999999998818e+02 1.440960386400000007e-12
9.680700000000000500e+02 1.501912201500000222e-12
9.682599999999999909e+02 1.347982524199999946e-12
9.684500000000000455e+02 1.400359330999999927e-12
9.686399999999999864e+02 1.471819420800000087e-12
9.688299999999999272e+02 1.569630547899999826e-12
9.690200000000000955e+02 1.631131985600000135e-12
9.692100000000000364e+02 1.586965069800000000e-12
9.693999999999999773e+02 1.538069428000000106e-12
9.695899999999999181e+02 1.528762248899999961e-12
9.697799999999999727e+02 1.491133727999999963e-12
9.699700000000000273e+02 1.481182988800000023e-12
9.701600000000000819e+02 1.486411240800000129e-12
9.703500000000000227e+02 1.443094816500000090e-12
9.705399999999999636e+02 1.576321951799999950e-12
9.707299999999999045e+02 1.626147481399999847e-12
9.709200000000000728e+02 1.643816106000000140e-12
9.711100000000000136e+02 1.583773587900000267e-12
9.712999999999999545e+02 1.527301258999999997e-12
9.714900000000000091e+02 1.482163433399999911e-12
9.716799999999999500e+02 1.547225497599999964e-12
9.718700000000001182e+02 1.689255840500000141e-12
9.720600000000000591e+02 1.577789468399999992e-12
9.722500000000000000e+02 1.463537647499999977e-12
9.724399999999999409e+02 1.483573912799999935e-12
9.726299999999998818e+02 1.581525558899999801e-12
9.728200000000000500e+02 1.588848536800000228e-12
9.730099999999999909e+02 1.519977841399999993e-12
9.732000000000000455e+02 1.540234979999999877e-12
9.733899999999999864e+02 1.517534477799999765e-12
9.735799999999999272e+02 1.541313441199999870e-12
9.737700000000000955e+02 1.592347654800000284e-12
9.739600000000000364e+02 1.505001950399999850e-12
9.741499999999999773e+02 1.472291344000000142e-12
9.743399999999999181e+02 1.564283383199999946e-12
9.745299999999999727e+02 1.541531044599999966e-12
9.747200000000000273e+02 1.440207283199999963e-12
9.749100000000000819e+02 1.410421795200000143e-12
9.751000000000000227e+02 1.479938523000000073e-12
9.752899999999999636e+02 1.498279509599999764e-12
9.754799999999999045e+02 1.458469412399999810e-12
9.756700000000000728e+02 1.465749041000000232e-12
9.758600000000000136e+02 1.400817754200000065e-12
9.760499999999999545e+02 1.449512334000000198e-12
9.762400000000000091e+02 1.499319154399999892e-12
9.764299999999999500e+02 1.499288736399999878e-12
9.766200000000001182e+02 1.556917837799999948e-12
9.768100000000000591e+02 1.474699825100000064e-12
9.770000000000000000e+02 1.517652259999999871e-12
9.771899999999999409e+02 1.556741845200000098e-12
9.773799999999998818e+02 1.562214870599999788e-12
9.775700000000000500e+02 1.560387458300000060e-12
9.777599999999999909e+02 1.418817758399999855e-12
9.779500000000000455e+02 1.386410376500000115e-12
9.781399999999999864e+02 1.411915745799999806e-12
9.783299999999999272e+02 1.455715906799999822e-12
9.785200000000000955e+02 1.518486906400000153e-12
9.787100000000000364e+02 1.535038125300000009e-12
9.788999999999999773e+02 1.489836855000000084e-12
9.790899999999999181e+02 1.708384768299999977e-12
9.792799999999999727e+02 1.711928331999999979e-12
9.794700000000000273e+02 1.604078019000000027e-12
9.796600000000000819e+02 1.635072133199999976e-12
9.798500000000000227e+02 1.814055095999999971e-12
9.800399999999999636e+02 1.611479771999999880e-12
9.802299999999999045e+02 1.682613806499999803e-12
9.804200000000000728e+02 1.687998918200000077e-12
9.806100000000000136e+02 1.646002915500000025e-12
9.807999999999999545e+02 1.490511951999999928e-12
9.809900000000000091e+02 1.549777811899999853e-12
9.811799999999999500e+02 1.650315324599999919e-12
9.813700000000001182e+02 1.688535408300000305e-12
9.815600000000000591e+02 1.584777697999999986e-12
9.817500000000000000e+02 1.614860940000000106e-12
9.819399999999999409e+02 1.649973420799999976e-12
9.821299999999998818e+02 1.686140426599999914e-12
9.823200000000000500e+02 1.648254374400000090e-12
9.825099999999999909e+02 1.686773168000000127e-12
9.827000000000000455e+02 1.759376945000000136e-12
9.828899999999999864e+02 1.642861319399999861e-12
9.830799999999999272e+02 1.576211487199999864e-12
9.832700000000000955e+02 1.605148944200000064e-12
9.834600000000000364e+02 1.678343332199999970e-12
9.836499999999999773e+02 1.688287677500000061e-12
9.838399999999999181e+02 1.721365817600000011e-12
9.840299999999999727e+02 1.739273024999999847e-12
9.842200000000000273e+02 1.738171888800000093e-12
9.844100000000000819e+02 1.723160484500000074e-12
9.846000000000000227e+02 1.724871510000000044e-12
9.847899999999999636e+02 1.731329755299999743e-12
9.849799999999999045e+02 1.706980189799999897e-12
9.851700000000000728e+02 1.842090569399999984e-12
9.853600000000000136e+02 1.831143756000000168e-12
9.855499999999999545e+02 1.791256836000000022e-12
9.857400000000000091e+02 1.776471055799999819e-12
9.859299999999999500e+02 1.721276031199999843e-12
9.861200000000001182e+02 1.832329294399999904e-12
9.863100000000000591e+02 1.838254988700000183e-12
9.865000000000000000e+02 1.660970049999999968e-12
9.866899999999999409e+02 1.617510517699999971e-12
9.868799999999998818e+02 1.578248102399999902e-12
9.870700000000000500e+02 1.697138545900000279e-12
9.872599999999999909e+02 1.775231696399999985e-12
9.874500000000000455e+02 1.703568489000000069e-12
9.876399999999999864e+02 1.658514222799999851e-12
9.878299999999999272e+02 1.650762712999999860e-12
9.880200000000000955e+02 1.770759084600000191e-12
9.882100000000000364e+02 1.810035082300000187e-12
9.883999999999999773e+02 1.905566012000000064e-12
9.885899999999999181e+02 1.957981582199999977e-12
9.887799999999999727e+02 1.937346317399999755e-12
9.889700000000000273e+02 1.903500228100000150e-12
9.891600000000000819e+02 1.774661847600000168e-12
9.893500000000000227e+02 1.724664600499999857e-12
9.895399999999999636e+02 1.561672237200000038e-12
9.897299999999999045e+02 1.496798370899999842e-12
9.899200000000000728e+02 1.595226382399999954e-12
9.901100000000000136e+02 1.535749719899999997e-12
9.902999999999999545e+02 1.459622976000000065e-12
9.904900000000000091e+02 1.399334557300000028e-12
9.906799999999999500e+02 1.397889107200000074e-12
9.908700000000001182e+02 1.341231723300000172e-12
9.910600000000000591e+02 1.476045121599999875e-12
9.912500000000000000e+02 1.516761187500000172e-12
9.914399999999999409e+02 1.436695703999999943e-12
9.916299999999998818e+02 1.460343752099999892e-12
9.918200000000000500e+02 1.434796566600000011e-12
9.920099999999999909e+02 1.377475325700000009e-12
9.922000000000000455e+02 1.439900483999999942e-12
9.923899999999999864e+02 1.359524680499999946e-12
9.925799999999999272e+02 1.542469319999999759e-12
9.927700000000000955e+02 1.473925908200000161e-12
9.929600000000000364e+02 1.408444252800000148e-12
9.931499999999999773e+02 1.482961648500000166e-12
9.933399999999999181e+02 1.496625644399999944e-12
9.935299999999999727e+02 1.556881380599999936e-12
9.937200000000000273e+02 1.642420416000000110e-12
9.939100000000000819e+02 1.643907261800000067e-12
