6.160000000000000000e+02 5.777427040000000382e-14
6.161899999999999409e+02 4.723780320899999451e-14
6.163799999999999955e+02 5.539709086200000151e-14
6.165699999999999363e+02 5.857236194699999581e-14
6.167599999999999909e+02 4.839524524400000295e-14
6.169500000000000455e+02 5.350116366000000113e-14
6.171399999999999864e+02 5.704181820199999272e-14
6.173300000000000409e+02 5.315192780100000373e-14
6.175199999999999818e+02 5.660984920799999621e-14
6.177100000000000364e+02 4.754328557000000504e-14
6.178999999999999773e+02 5.015926830000000017e-14
6.180899999999999181e+02 3.874008873899999632e-14
6.182799999999999727e+02 4.706353542800000369e-14
6.184700000000000273e+02 5.353105237999999681e-14
6.186600000000000819e+02 5.227157325600000672e-14
6.188500000000000227e+02 4.363796020999999721e-14
6.190399999999999636e+02 3.788165756799999934e-14
6.192300000000000182e+02 4.674096655200000472e-14
6.194199999999999591e+02 4.827511711999999914e-14
6.196100000000000136e+02 4.768450402899999904e-14
6.197999999999999545e+02 6.243865199999999986e-14
6.199900000000000091e+02 9.205611519999999363e-14
6.201800000000000637e+02 6.653725166000000542e-14
6.203700000000000045e+02 5.171596634700000138e-14
6.205600000000000591e+02 4.868764825600000440e-14
6.207500000000000000e+02 5.396595652499999451e-14
6.209399999999999409e+02 5.156999840999999379e-14
6.211299999999999955e+02 4.815683003000000434e-14
6.213199999999999363e+02 4.719789034799999758e-14
6.215099999999999909e+02 4.839586498200000592e-14
6.217000000000000455e+02 5.298313909999999832e-14
6.218899999999999864e+02 4.247919147399999302e-14
6.220800000000000409e+02 4.219755263999999828e-14
6.222699999999999818e+02 5.353046561499999911e-14
6.224600000000000364e+02 5.504283063400000576e-14
6.226499999999999773e+02 5.982035157000000234e-14
6.228399999999999181e+02 5.312582292399999592e-14
6.230299999999999727e+02 4.947593375400000067e-14
6.232200000000000273e+02 4.673489386799999554e-14
6.234100000000000819e+02 4.447057830400000326e-14
6.236000000000000227e+02 4.604837008000000636e-14
6.237899999999999636e+02 4.862542856399999143e-14
6.239800000000000182e+02 5.359532694600000553e-14
6.241699999999999591e+02 5.849989633099999927e-14
6.243600000000000136e+02 5.048974550400000410e-14
6.245499999999999545e+02 4.694929714999999370e-14
6.247400000000000091e+02 4.945279407600000379e-14
6.249300000000000637e+02 5.878535280300000498e-14
6.251200000000000045e+02 5.516152647999999197e-14
6.253100000000000591e+02 5.135464677700000276e-14
6.255000000000000000e+02 4.747263524999999595e-14
6.256899999999999409e+02 5.845264805900000135e-14
6.258799999999999955e+02 6.601281535999999894e-14
6.260699999999999363e+02 6.147869664600000178e-14
6.262599999999999909e+02 6.751458555999999570e-14
6.264500000000000455e+02 5.062029224999999921e-14
6.266399999999999864e+02 5.354851857599999058e-14
6.268300000000000409e+02 6.401125277000000954e-14
6.270199999999999818e+02 5.711343344199999217e-14
6.272100000000000364e+02 6.676462287000000637e-14
6.273999999999999773e+02 6.858485839999999275e-14
6.275899999999999181e+02 7.239313408999999080e-14
6.277799999999999727e+02 6.976770252000000553e-14
6.279700000000000273e+02 6.329623614999999677e-14
6.281600000000000819e+02 7.394636704000000072e-14
6.283500000000000227e+02 7.409126190000000603e-14
6.285399999999999636e+02 6.190924152599999626e-14
6.287300000000000182e+02 8.819321455999999008e-14
6.289199999999999591e+02 8.906010335999999520e-14
6.291100000000000136e+02 7.907535234000000289e-14
6.292999999999999545e+02 7.999032299999999405e-14
6.294900000000000091e+02 8.047903751999999798e-14
6.296800000000000637e+02 8.361142912000000440e-14
6.298700000000000045e+02 8.893701413000000355e-14
6.300600000000000591e+02 1.031527931400000187e-13
6.302500000000000000e+02 1.067126695000000089e-13
6.304399999999999409e+02 1.095439935199999936e-13
6.306299999999999955e+02 1.157956499700000206e-13
6.308199999999999363e+02 1.154381675399999969e-13
6.310099999999999909e+02 1.141699013199999935e-13
6.312000000000000455e+02 1.160252904000000011e-13
6.313899999999999864e+02 1.233414051099999771e-13
6.315800000000000409e+02 1.215488341599999924e-13
6.317699999999999818e+02 1.193394576899999882e-13
6.319600000000000364e+02 1.249239569200000127e-13
6.321499999999999773e+02 1.206300237499999904e-13
6.323399999999999181e+02 2.295893748600000113e-13
6.325299999999999727e+02 1.787124960800000205e-13
6.327200000000000273e+02 1.214835054400000034e-13
6.329100000000000819e+02 1.271174418599999955e-13
6.331000000000000227e+02 1.334676096000000121e-13
6.332899999999999636e+02 1.416087103199999817e-13
6.334800000000000182e+02 1.478592998400000130e-13
6.336699999999999591e+02 1.484815543999999871e-13
6.338600000000000136e+02 1.578070533200000053e-13
6.340499999999999545e+02 1.551653500499999992e-13
6.342400000000000091e+02 1.572109715199999953e-13
6.344300000000000637e+02 1.586201886000000073e-13
6.346200000000000045e+02 1.629907238399999910e-13
6.348100000000000591e+02 1.700268755900000236e-13
6.350000000000000000e+02 1.706492650000000098e-13
6.351899999999999409e+02 1.531665406499999890e-13
6.353799999999999955e+02 1.521900298800000068e-13
6.355699999999999363e+02 1.539674680699999834e-13
6.357599999999999909e+02 1.385772429600000053e-13
6.359500000000000455e+02 1.473299005499999897e-13
6.361399999999999864e+02 1.522028564000000009e-13
6.363300000000000409e+02 1.493822854800000019e-13
6.365199999999999818e+02 1.484581056800000058e-13
6.367100000000000364e+02 1.562938404100000160e-13
6.368999999999999773e+02 1.525757639999999974e-13
6.370899999999999181e+02 1.584563877099999964e-13
6.372799999999999727e+02 1.563164993600000086e-13
6.374700000000000273e+02 1.644264619199999929e-13
6.376600000000000819e+02 1.562018312600000075e-13
6.378500000000000227e+02 1.586128838000000098e-13
6.380399999999999636e+02 1.507056860399999964e-13
6.382300000000000182e+02 1.504391079900000177e-13
6.384199999999999591e+02 1.643631442600000047e-13
6.386100000000000136e+02 1.498159901699999939e-13
6.387999999999999545e+02 1.469655219999999896e-13
6.389900000000000091e+02 1.658134320699999981e-13
6.391800000000000637e+02 1.637470499399999943e-13
6.393700000000000045e+02 1.715768576100000020e-13
6.395600000000000591e+02 1.781053083600000158e-13
6.397500000000000000e+02 1.801120162499999845e-13
6.399399999999999409e+02 1.925061108599999633e-13
6.401299999999999955e+02 1.888844393600000327e-13
6.403199999999999363e+02 1.890263059199999869e-13
6.405099999999999909e+02 1.874599832300000081e-13
6.407000000000000455e+02 1.901680891000000180e-13
6.408899999999999864e+02 1.910819943899999691e-13
6.410800000000000409e+02 1.934740975200000146e-13
6.412699999999999818e+02 1.867352589199999839e-13
6.414600000000000364e+02 1.777979584200000082e-13
6.416499999999999773e+02 1.839430887999999960e-13
6.418399999999999181e+02 1.795110948799999892e-13
6.420299999999999727e+02 1.703722909500000095e-13
6.422200000000000273e+02 1.750865119399999828e-13
6.424100000000000819e+02 1.632826345200000237e-13
6.426000000000000227e+02 1.704965598000000002e-13
6.427899999999999636e+02 1.802582424899999867e-13
6.429800000000000182e+02 1.759379744200000011e-13
6.431699999999999591e+02 1.846779042900000114e-13
6.433600000000000136e+02 1.848694960000000139e-13
6.435499999999999545e+02 1.812359074500000152e-13
6.437400000000000091e+02 1.935507308400000194e-13
6.439300000000000637e+02 1.818471198600000005e-13
6.441200000000000045e+02 1.870402097200000228e-13
6.443100000000000591e+02 1.946492725499999961e-13
6.445000000000000000e+02 2.030110550000000035e-13
6.446899999999999409e+02 2.015455665600000000e-13
6.448799999999999955e+02 1.849490044800000121e-13
6.450699999999999363e+02 1.864168440899999820e-13
6.452599999999999909e+02 1.861407332400000283e-13
6.454500000000000455e+02 1.915372875000000091e-13
6.456399999999999864e+02 1.961434950799999807e-13
6.458300000000000409e+02 1.983447262799999920e-13
6.460199999999999818e+02 2.029058377199999890e-13
6.462100000000000364e+02 1.903670038999999879e-13
6.463999999999999773e+02 2.070613120000000195e-13
6.465899999999999181e+02 2.195050197899999800e-13
6.467799999999999727e+02 2.109091369799999952e-13
6.469700000000000273e+02 2.265798924900000037e-13
6.471600000000000819e+02 2.359894826400000171e-13
6.473500000000000227e+02 2.492996638000000244e-13
6.475399999999999636e+02 2.340533329999999968e-13
6.477300000000000182e+02 2.198168914499999877e-13
6.479199999999999591e+02 2.134909358399999901e-13
6.481100000000000136e+02 2.117271672400000216e-13
6.482999999999999545e+02 2.058151527000000180e-13
6.484900000000000091e+02 2.035655504299999923e-13
6.486800000000000637e+02 2.176541951200000263e-13
6.488700000000000045e+02 2.225169890999999974e-13
6.490600000000000591e+02 2.244306686800000085e-13
6.492500000000000000e+02 2.370788315000000096e-13
6.494399999999999409e+02 2.272332110399999844e-13
6.496299999999999955e+02 2.414018583700000160e-13
6.498199999999999363e+02 2.508864045200000142e-13
6.500099999999999909e+02 2.668876058999999790e-13
6.502000000000000455e+02 2.681210234000000089e-13
6.503899999999999864e+02 2.744606776599999557e-13
6.505800000000000409e+02 2.816087576400000140e-13
6.507699999999999818e+02 2.952263658900000294e-13
6.509600000000000364e+02 3.121939064000000344e-13
6.511499999999999773e+02 2.986043669999999622e-13
6.513399999999999181e+02 2.956028429199999843e-13
6.515299999999999727e+02 2.980834448899999809e-13
6.517200000000000273e+02 3.058899957599999853e-13
6.519100000000000819e+02 3.255038782800000289e-13
6.521000000000000227e+02 3.489289284999999838e-13
6.522899999999999636e+02 3.482126229899999712e-13
6.524800000000000182e+02 3.598727340799999726e-13
6.526699999999999591e+02 3.861045605900000294e-13
6.528600000000000136e+02 3.841761198600000616e-13
6.530499999999999545e+02 3.950377816000000217e-13
6.532400000000000091e+02 4.072272030399999962e-13
6.534300000000000637e+02 4.083382084499999598e-13
6.536200000000000045e+02 4.226274239000000000e-13
6.538100000000000591e+02 4.437689608299999855e-13
6.540000000000000000e+02 4.221144899999999926e-13
6.541899999999999409e+02 4.046263278499999727e-13
6.543799999999999955e+02 3.928158070599999933e-13
6.545699999999999363e+02 3.662057321999999408e-13
6.547599999999999909e+02 3.520434996800000337e-13
6.549500000000000455e+02 3.417725585000000075e-13
6.551399999999999864e+02 3.320426407799999612e-13
6.553300000000000409e+02 3.336815847300000328e-13
6.555199999999999818e+02 3.408199249599999941e-13
6.557100000000000364e+02 3.805983452700000295e-13
6.558999999999999773e+02 4.334397087999999706e-13
6.560899999999999181e+02 5.310261242000000201e-13
6.562799999999999727e+02 5.525621650800000156e-13
6.564700000000000273e+02 4.801211509599999851e-13
6.566600000000000819e+02 3.542772632400000128e-13
6.568500000000000227e+02 2.780025666000000131e-13
6.570399999999999636e+02 2.584709944799999934e-13
6.572300000000000182e+02 2.706459995400000107e-13
6.574199999999999591e+02 2.669342148600000189e-13
6.576100000000000136e+02 2.607989194599999990e-13
6.577999999999999545e+02 2.447062046000000074e-13
6.579900000000000091e+02 2.434108986899999955e-13
6.581800000000000637e+02 2.450884611400000025e-13
6.583700000000000045e+02 2.532762557400000029e-13
6.585600000000000591e+02 2.721617740800000073e-13
6.587500000000000000e+02 2.788772012499999789e-13
6.589399999999999409e+02 2.783593188999999931e-13
6.591299999999999955e+02 2.712834071400000208e-13
6.593199999999999363e+02 2.570570002399999643e-13
6.595099999999999909e+02 2.438102948400000018e-13
6.597000000000000455e+02 2.410352487000000264e-13
6.598899999999999864e+02 2.393665189300000131e-13
6.600800000000000409e+02 2.471933592000000060e-13
6.602699999999999818e+02 2.352291107399999660e-13
6.604600000000000364e+02 2.491658000600000147e-13
6.606499999999999773e+02 2.504616641000000255e-13
6.608399999999999181e+02 2.496501526799999930e-13
6.610299999999999727e+02 2.607703857300000260e-13
6.612200000000000273e+02 2.536082861199999910e-13
6.614100000000000819e+02 2.558340494100000458e-13
6.616000000000000227e+02 2.425299896000000044e-13
6.617899999999999636e+02 2.528302515999999866e-13
6.619800000000000182e+02 2.410408195800000331e-13
6.621699999999999591e+02 2.230890460200000036e-13
6.623600000000000136e+02 2.205466715599999914e-13
6.625499999999999545e+02 2.095122235500000005e-13
6.627400000000000091e+02 2.089301104799999921e-13
6.629300000000000637e+02 2.189425764500000006e-13
6.631200000000000045e+02 2.227871001600000201e-13
6.633100000000000591e+02 2.186760609400000264e-13
6.635000000000000000e+02 2.053452880000000188e-13
6.636899999999999409e+02 1.998138298499999931e-13
6.638799999999999955e+02 2.031446244800000063e-13
6.640699999999999363e+02 2.026329916599999981e-13
6.642599999999999909e+02 2.160678357600000309e-13
6.644500000000000455e+02 2.099050706000000090e-13
6.646399999999999864e+02 2.001948851199999820e-13
6.648300000000000409e+02 1.941742387800000171e-13
6.650199999999999818e+02 1.789542219200000071e-13
6.652100000000000364e+02 1.687990331300000250e-13
6.653999999999999773e+02 1.644935339999999962e-13
6.655899999999999181e+02 1.740091872399999963e-13
6.657799999999999727e+02 1.771127929400000073e-13
6.659700000000000273e+02 1.725395076000000153e-13
6.661600000000000819e+02 1.933422814400000054e-13
6.663500000000000227e+02 1.910931875999999907e-13
6.665399999999999636e+02 2.044258183799999793e-13
6.667300000000000182e+02 2.188741243999999823e-13
6.669199999999999591e+02 2.142940674799999947e-13
6.671100000000000136e+02 2.182810604400000223e-13
6.672999999999999545e+02 1.982574992000000013e-13
6.674900000000000091e+02 1.988405985700000120e-13
6.676800000000000637e+02 2.107298232000000336e-13
6.678700000000000045e+02 1.944196284800000099e-13
6.680600000000000591e+02 1.665099466400000115e-13
6.682500000000000000e+02 1.595333272500000080e-13
6.684399999999999409e+02 1.695110364799999918e-13
6.686299999999999955e+02 1.701262172000000152e-13
6.688199999999999363e+02 1.671448061999999818e-13
6.690099999999999909e+02 1.752618877200000097e-13
6.692000000000000455e+02 1.875192087999999836e-13
6.693899999999999864e+02 1.719127397999999892e-13
6.695800000000000409e+02 1.820976376400000167e-13
6.697699999999999818e+02 1.819517275099999843e-13
6.699600000000000364e+02 1.890593622000000244e-13
6.701499999999999773e+02 2.021936370999999868e-13
6.703399999999999181e+02 2.080091833599999847e-13
6.705299999999999727e+02 1.968186593100000041e-13
6.707200000000000273e+02 2.069157785599999682e-13
6.709100000000000819e+02 2.067529928800000065e-13
6.711000000000000227e+02 2.005528662000000090e-13
6.712899999999999636e+02 1.933268209699999664e-13
6.714800000000000182e+02 1.727382300000000072e-13
6.716699999999999591e+02 1.656391953600000076e-13
6.718600000000000136e+02 1.597736828800000031e-13
6.720499999999999545e+02 1.439080826499999988e-13
6.722400000000000091e+02 1.410594803999999868e-13
6.724300000000000637e+02 1.560077945800000114e-13
6.726200000000000045e+02 1.650044479199999981e-13
6.728100000000000591e+02 1.755159447000000197e-13
6.730000000000000000e+02 1.762344719999999999e-13
6.731899999999999409e+02 1.764882027299999883e-13
6.733799999999999955e+02 1.854879080400000172e-13
6.735699999999999363e+02 1.957239498899999795e-13
6.737599999999999909e+02 2.018490633599999851e-13
6.739500000000000455e+02 1.886783680499999740e-13
6.741399999999999864e+02 2.002425007599999731e-13
6.743300000000000409e+02 2.071427123900000132e-13
6.745199999999999818e+02 1.937565445200000093e-13
6.747100000000000364e+02 1.815273519500000088e-13
6.748999999999999773e+02 1.762501349999999883e-13
6.750899999999999181e+02 1.873968829199999886e-13
6.752799999999999727e+02 1.870640397600000049e-13
6.754700000000000273e+02 1.768265630099999884e-13
6.756600000000000819e+02 1.836599281800000193e-13
6.758500000000000227e+02 1.938628415500000140e-13
6.760399999999999636e+02 2.018256576400000023e-13
6.762300000000000182e+02 2.146462216800000105e-13
6.764199999999999591e+02 2.160228440400000091e-13
6.766100000000000136e+02 2.265452666400000358e-13
6.767999999999999545e+02 2.231416368000000298e-13
6.769900000000000091e+02 2.317377389400000115e-13
6.771800000000000637e+02 2.387926290400000293e-13
6.773700000000000045e+02 2.358365260500000133e-13
6.775600000000000591e+02 2.458851688799999993e-13
6.777500000000000000e+02 2.462923167499999921e-13
6.779399999999999409e+02 2.314141410599999535e-13
6.781299999999999955e+02 2.051417844299999805e-13
6.783199999999999363e+02 1.890898398400000087e-13
6.785099999999999909e+02 1.799361024300000229e-13
6.787000000000000455e+02 1.987430423000000051e-13
6.788899999999999864e+02 1.980688730600000060e-13
6.790800000000000409e+02 1.965671758800000119e-13
6.792699999999999818e+02 2.021711300999999684e-13
6.794600000000000364e+02 2.094279174200000345e-13
6.796499999999999773e+02 2.162856991499999987e-13
6.798399999999999181e+02 2.168968334399999791e-13
6.800299999999999727e+02 2.200298267700000271e-13
6.802200000000000273e+02 2.258153542800000133e-13
6.804100000000000819e+02 2.311182667500000018e-13
6.806000000000000227e+02 2.265220562000000053e-13
6.807899999999999636e+02 2.273654786699999770e-13
6.809800000000000182e+02 2.213014755000000037e-13
6.811699999999999591e+02 2.268180301099999769e-13
6.813600000000000136e+02 2.369654248800000275e-13
6.815499999999999545e+02 2.339802043000000079e-13
6.817400000000000091e+02 2.321045186599999563e-13
6.819300000000000637e+02 2.281137681600000278e-13
6.821200000000000045e+02 2.401942334799999983e-13
6.823100000000000591e+02 2.428648329499999957e-13
6.825000000000000000e+02 2.471284724999999847e-13
6.826899999999999409e+02 2.454516318400000134e-13
6.828799999999999955e+02 2.533095558399999871e-13
6.830699999999999363e+02 2.550767808900000008e-13
6.832599999999999909e+02 2.605837485800000150e-13
6.834500000000000455e+02 2.581288132499999791e-13
6.836399999999999864e+02 2.665300431599999493e-13
6.838300000000000409e+02 2.647680347200000173e-13
6.840199999999999818e+02 2.863588168199999989e-13
6.842100000000000364e+02 2.838431500800000187e-13
6.843999999999999773e+02 2.806306916000000010e-13
6.845899999999999181e+02 2.862448783400000022e-13
6.847799999999999727e+02 2.663780504400000134e-13
6.849700000000000273e+02 2.458843658700000066e-13
6.851600000000000819e+02 2.413400732400000280e-13
6.853500000000000227e+02 2.424213166500000110e-13
6.855399999999999636e+02 2.370343670199999624e-13
6.857300000000000182e+02 2.415840504599999974e-13
6.859199999999999591e+02 2.492777323200000034e-13
6.861100000000000136e+02 2.434386891000000203e-13
6.862999999999999545e+02 2.513676695000000120e-13
6.864900000000000091e+02 2.497738945799999949e-13
6.866800000000000637e+02 2.341757336800000414e-13
6.868700000000000045e+02 2.132346702799999770e-13
6.870600000000000591e+02 2.112187334400000086e-13
6.872500000000000000e+02 2.207818115000000121e-13
6.874399999999999409e+02 2.282479534400000017e-13
6.876299999999999955e+02 2.469609392399999910e-13
6.878199999999999363e+02 2.514972560799999651e-13
6.880099999999999909e+02 2.645157646500000279e-13
6.882000000000000455e+02 2.732381105999999854e-13
6.883899999999999864e+02 2.624018769799999721e-13
6.885800000000000409e+02 2.486400407799999971e-13
6.887699999999999818e+02 2.673446979599999807e-13
6.889600000000000364e+02 2.643808214400000342e-13
6.891499999999999773e+02 2.665763138499999601e-13
6.893399999999999181e+02 2.795894105999999970e-13
6.895299999999999727e+02 2.767856163599999751e-13
6.897200000000000273e+02 2.818775284799999719e-13
6.899100000000000819e+02 2.796605377800000306e-13
6.901000000000000227e+02 2.878103456000000009e-13
6.902899999999999636e+02 2.975867801599999710e-13
6.904800000000000182e+02 3.169800345600000224e-13
6.906699999999999591e+02 3.290427853700000000e-13
6.908600000000000136e+02 3.469367656600000139e-13
6.910499999999999545e+02 3.511999025999999688e-13
6.912400000000000091e+02 3.466852008399999591e-13
6.914300000000000637e+02 3.514220632199999975e-13
6.916200000000000045e+02 3.436320886199999890e-13
6.918100000000000591e+02 3.174563891800000144e-13
6.920000000000000000e+02 3.157312280000000148e-13
6.921899999999999409e+02 3.443970579299999807e-13
6.923799999999999955e+02 3.598866611600000085e-13
6.925699999999999363e+02 3.743340849999999967e-13
6.927599999999999909e+02 3.938326744800000350e-13
6.929500000000000455e+02 3.927058522000000082e-13
6.931399999999999864e+02 4.105239483800000008e-13
6.933300000000000409e+02 4.263729901199999650e-13
6.935199999999999818e+02 4.179352640799999659e-13
6.937100000000000364e+02 4.176044017699999774e-13
6.938999999999999773e+02 4.222728450000000137e-13
6.940899999999999181e+02 4.478143743799999979e-13
6.942799999999999727e+02 4.839346826800000103e-13
6.944700000000000273e+02 5.128549834799999985e-13
6.946600000000000819e+02 5.380579335800001166e-13
6.948500000000000227e+02 5.498799702500000106e-13
6.950399999999999636e+02 5.155799769599999136e-13
6.952300000000000182e+02 5.041105777699999610e-13
6.954199999999999591e+02 4.830067426799999907e-13
6.956100000000000136e+02 4.773442766400000769e-13
6.957999999999999545e+02 4.893756224000000620e-13
6.959900000000000091e+02 5.218539979899999119e-13
6.961800000000000637e+02 5.315264682000000570e-13
6.963700000000000045e+02 5.421964674800000132e-13
6.965600000000000591e+02 5.586996310400000486e-13
6.967500000000000000e+02 5.571930652500000364e-13
6.969399999999999409e+02 5.468992720999999988e-13
6.971299999999999955e+02 5.373010962900000082e-13
6.973199999999999363e+02 5.557117409999999447e-13
6.975099999999999909e+02 5.862815678500000273e-13
6.977000000000000455e+02 5.934231534000000038e-13
6.978899999999999864e+02 5.960601722099999540e-13
6.980800000000000409e+02 6.066273315200000372e-13
6.982699999999999818e+02 6.260158134800000075e-13
6.984600000000000364e+02 6.341800277399999778e-13
6.986499999999999773e+02 6.197207149000000411e-13
6.988399999999999181e+02 5.879459722799999579e-13
6.990299999999999727e+02 5.840982835200000113e-13
6.992200000000000273e+02 5.972240793799999856e-13
6.994100000000000819e+02 6.011589814300000879e-13
6.996000000000000227e+02 6.039800711999999794e-13
6.997899999999999636e+02 6.023862299000000089e-13
6.999800000000000182e+02 6.248987452400000484e-13
7.001699999999999591e+02 6.119954913900000357e-13
7.003600000000000136e+02 6.082528549600000118e-13
7.005499999999999545e+02 6.222824523499999766e-13
7.007400000000000091e+02 6.443871899399999789e-13
7.009300000000000637e+02 6.729811171799999546e-13
7.011200000000000045e+02 6.859807158399999935e-13
7.013100000000000591e+02 7.026424889999999978e-13
7.015000000000000000e+02 6.957469984999999708e-13
7.016899999999999409e+02 6.990670827799999922e-13
7.018799999999999955e+02 7.032907788000000493e-13
7.020699999999999363e+02 6.969982463199999333e-13
7.022599999999999909e+02 6.892569538399999889e-13
7.024500000000000455e+02 7.023853746000000681e-13
7.026399999999999864e+02 7.415803087999999511e-13
7.028300000000000409e+02 7.877388923000000474e-13
7.030199999999999818e+02 8.149337537999999662e-13
7.032100000000000364e+02 8.195349982000000583e-13
7.033999999999999773e+02 8.252218460000000757e-13
7.035899999999999181e+02 8.581827947999999482e-13
7.037799999999999727e+02 8.701958188000000766e-13
7.039700000000000273e+02 8.676430250000000566e-13
7.041600000000000819e+02 9.225552239999999601e-13
7.043500000000000227e+02 9.426527355000000555e-13
7.045399999999999636e+02 9.100684087999999872e-13
7.047300000000000182e+02 9.104618289000000613e-13
7.049199999999999591e+02 9.027346503999998762e-13
7.051100000000000136e+02 8.474717090000001129e-13
7.052999999999999545e+02 6.640554665999999766e-13
7.054900000000000091e+02 4.624910243999999860e-13
7.056800000000000637e+02 3.478367288000000186e-13
7.058700000000000045e+02 3.181631379299999996e-13
7.060600000000000591e+02 2.992628249400000162e-13
7.062500000000000000e+02 3.040455687500000188e-13
7.064399999999999409e+02 3.334983145199999742e-13
7.066299999999999955e+02 3.480746319200000371e-13
7.068199999999999363e+02 3.616508143799999740e-13
7.070099999999999909e+02 3.820887072900000387e-13
7.072000000000000455e+02 3.950348480000000198e-13
7.073899999999999864e+02 4.064634644399999549e-13
7.075800000000000409e+02 4.203428520599999988e-13
7.077699999999999818e+02 4.257781532899999376e-13
7.079600000000000364e+02 4.342994779200000458e-13
7.081499999999999773e+02 4.467017281499999921e-13
7.083399999999999181e+02 4.321114835599999674e-13
7.085299999999999727e+02 4.041178793299999876e-13
7.087200000000000273e+02 3.368872171200000127e-13
7.089100000000000819e+02 2.702074266900000116e-13
7.091000000000000227e+02 2.405238836000000142e-13
7.092899999999999636e+02 2.324988783899999891e-13
7.094800000000000182e+02 2.296799603999999811e-13
7.096699999999999591e+02 2.468189679799999769e-13
7.098600000000000136e+02 2.641275482400000314e-13
7.100499999999999545e+02 2.604200681499999729e-13
7.102400000000000091e+02 2.618278452800000154e-13
7.104300000000000637e+02 2.705544777599999948e-13
7.106200000000000045e+02 3.127502575799999494e-13
7.108100000000000591e+02 3.429565844700000394e-13
7.110000000000000000e+02 3.664394460000000131e-13
7.111899999999999409e+02 3.661903086199999882e-13
7.113799999999999955e+02 3.595471023600000158e-13
7.115699999999999363e+02 3.676603917299999991e-13
7.117599999999999909e+02 3.752961010399999838e-13
7.119500000000000455e+02 3.970317326000000231e-13
7.121399999999999864e+02 3.923962614000000222e-13
7.123300000000000409e+02 3.393305051099999842e-13
7.125199999999999818e+02 2.534041753999999848e-13
7.127100000000000364e+02 2.148685235100000059e-13
7.128999999999999773e+02 2.006706564999999844e-13
7.130899999999999181e+02 1.847830116999999936e-13
7.132799999999999727e+02 1.987162416000000309e-13
7.134700000000000273e+02 2.081998211099999885e-13
7.136600000000000819e+02 2.070434708999999847e-13
7.138500000000000227e+02 2.136067631999999876e-13
7.140399999999999636e+02 2.339787693199999665e-13
7.142300000000000182e+02 2.388406546900000145e-13
7.144199999999999591e+02 2.521323919799999709e-13
7.146100000000000136e+02 2.643899785800000106e-13
7.147999999999999545e+02 2.620242359999999980e-13
7.149900000000000091e+02 2.801409468900000168e-13
7.151800000000000637e+02 2.760265817199999767e-13
7.153700000000000045e+02 2.916377493799999803e-13
7.155600000000000591e+02 3.085902589200000236e-13
7.157500000000000000e+02 2.885954102500000002e-13
7.159399999999999409e+02 2.702702137599999802e-13
7.161299999999999955e+02 2.654121006000000088e-13
7.163199999999999363e+02 2.785438972799999977e-13
7.165099999999999909e+02 2.803073101200000429e-13
7.167000000000000455e+02 2.777814527999999947e-13
7.168899999999999864e+02 2.768105850300000125e-13
7.170800000000000409e+02 2.943907402799999949e-13
7.172699999999999818e+02 3.029884761299999869e-13
7.174600000000000364e+02 3.001458036999999707e-13
7.176499999999999773e+02 3.072575416000000088e-13
7.178399999999999181e+02 3.125159510399999870e-13
7.180299999999999727e+02 3.311676425100000135e-13
7.182200000000000273e+02 3.469850099599999770e-13
7.184100000000000819e+02 3.508678519500000080e-13
7.186000000000000227e+02 3.771277474000000252e-13
7.187899999999999636e+02 3.818916894199999655e-13
7.189800000000000182e+02 3.753025271400000228e-13
7.191699999999999591e+02 3.866746955599999634e-13
7.193600000000000136e+02 3.681490252800000255e-13
7.195499999999999545e+02 3.433519908000000289e-13
7.197400000000000091e+02 3.228357782999999965e-13
7.199300000000000637e+02 3.002763236299999908e-13
7.201200000000000045e+02 2.976839257199999809e-13
7.203100000000000591e+02 3.075680481400000351e-13
7.205000000000000000e+02 3.125132724999999991e-13
7.206899999999999409e+02 3.341580081599999415e-13
7.208799999999999955e+02 3.516250793600000147e-13
7.210699999999999363e+02 3.645556863199999952e-13
7.212599999999999909e+02 3.858351519599999954e-13
7.214500000000000455e+02 3.948668997999999967e-13
7.216399999999999864e+02 4.088126681999999948e-13
7.218300000000000409e+02 4.110100019999999694e-13
7.220199999999999818e+02 4.323289695400000426e-13
7.222100000000000364e+02 4.668343773700000280e-13
7.223999999999999773e+02 4.612112231999999673e-13
7.225899999999999181e+02 4.525393296599999555e-13
7.227799999999999727e+02 4.714404827999999848e-13
7.229700000000000273e+02 4.478220773999999647e-13
7.231600000000000819e+02 4.450666525200000570e-13
7.233500000000000227e+02 4.670851787500000057e-13
7.235399999999999636e+02 4.727342650200000644e-13
7.237300000000000182e+02 4.873865600099999993e-13
7.239199999999999591e+02 4.910327642400000237e-13
7.241100000000000136e+02 5.044686101400000718e-13
7.242999999999999545e+02 5.286520839999999773e-13
7.244900000000000091e+02 5.518070840099999728e-13
7.246800000000000637e+02 6.075180856800000244e-13
7.248700000000000045e+02 6.204734977299999929e-13
7.250600000000000591e+02 6.074907959399999741e-13
7.252500000000000000e+02 6.142911014999999823e-13
7.254399999999999409e+02 6.391532646399999755e-13
7.256299999999999955e+02 6.572176036000000155e-13
7.258199999999999363e+02 6.556107055799999346e-13
7.260099999999999909e+02 6.925540071800001147e-13
7.262000000000000455e+02 7.336653360000000248e-13
7.263899999999999864e+02 7.127927055899999222e-13
7.265800000000000409e+02 7.323054504000000231e-13
7.267699999999999818e+02 7.117033311299999343e-13
7.269600000000000364e+02 6.924417583200000252e-13
7.271499999999999773e+02 7.861436794999999799e-13
7.273399999999999181e+02 7.785156423999999502e-13
7.275299999999999727e+02 8.142224748000000599e-13
7.277200000000000273e+02 7.453744871999999581e-13
7.279100000000000819e+02 7.198978946300001013e-13
7.281000000000000227e+02 7.515084150000000096e-13
7.282899999999999636e+02 7.806394851999999728e-13
7.284800000000000182e+02 7.971465248000000108e-13
7.286699999999999591e+02 8.034388286999999692e-13
7.288600000000000136e+02 8.285461822000000258e-13
7.290499999999999545e+02 8.337197084999999668e-13
7.292400000000000091e+02 8.426586972000000109e-13
7.294300000000000637e+02 9.003354489999999080e-13
7.296200000000000045e+02 9.222615685999998503e-13
7.298100000000000591e+02 9.467022338999999872e-13
7.300000000000000000e+02 9.542998000000001702e-13
7.301899999999999409e+02 9.684144875000000766e-13
7.303799999999999955e+02 1.008851982600000180e-12
7.305699999999999363e+02 1.048433701299999880e-12
7.307599999999999909e+02 1.051110568800000076e-12
7.309500000000000455e+02 1.045580117999999965e-12
7.311399999999999864e+02 1.079594012599999937e-12
7.313300000000000409e+02 1.103145485299999888e-12
7.315199999999999818e+02 1.138406054399999996e-12
7.317100000000000364e+02 1.156262776200000113e-12
7.318999999999999773e+02 1.183182221000000011e-12
7.320899999999999181e+02 1.230467588399999898e-12
7.322799999999999727e+02 1.213029142800000073e-12
7.324700000000000273e+02 1.215050534799999949e-12
7.326600000000000819e+02 1.223417647800000179e-12
7.328500000000000227e+02 1.247918965500000112e-12
7.330399999999999636e+02 1.274456013600000091e-12
7.332300000000000182e+02 1.266720815700000043e-12
7.334199999999999591e+02 1.314508665999999945e-12
7.336100000000000136e+02 1.382825505600000128e-12
7.337999999999999545e+02 1.402710066000000115e-12
7.339900000000000091e+02 1.393355236699999934e-12
7.341800000000000637e+02 1.368988736999999899e-12
7.343700000000000045e+02 1.309734207599999875e-12
7.345600000000000591e+02 1.295014588799999933e-12
7.347500000000000000e+02 1.335437514999999911e-12
7.349399999999999409e+02 1.361829121199999882e-12
7.351299999999999955e+02 1.362269402999999973e-12
7.353199999999999363e+02 1.340186878800000062e-12
7.355099999999999909e+02 1.345431667500000047e-12
7.357000000000000455e+02 1.367048312000000169e-12
7.358899999999999864e+02 1.414674935999999939e-12
7.360800000000000409e+02 1.457291183999999932e-12
7.362699999999999818e+02 1.508101840999999946e-12
7.364600000000000364e+02 1.535857871600000174e-12
7.366499999999999773e+02 1.531900507500000016e-12
7.368399999999999181e+02 1.548926100799999889e-12
7.370299999999999727e+02 1.545271838599999954e-12
7.372200000000000273e+02 1.535651376599999960e-12
7.374100000000000819e+02 1.458368382899999997e-12
7.376000000000000227e+02 1.494820160000000058e-12
7.377899999999999636e+02 1.541169530999999925e-12
7.379800000000000182e+02 1.546680623400000037e-12
7.381699999999999591e+02 1.530735747299999852e-12
7.383600000000000136e+02 1.541577542400000221e-12
7.385499999999999545e+02 1.594913496000000044e-12
7.387400000000000091e+02 1.641236495800000114e-12
7.389300000000000637e+02 1.649461713900000057e-12
7.391200000000000045e+02 1.581081156800000008e-12
7.393100000000000591e+02 1.498581370000000005e-12
7.395000000000000000e+02 1.505333595000000024e-12
7.396899999999999409e+02 1.543577695100000011e-12
7.398799999999999955e+02 1.602173145999999954e-12
7.400699999999999363e+02 1.640283747299999983e-12
7.402599999999999909e+02 1.572001330800000143e-12
7.404500000000000455e+02 1.508763133500000045e-12
7.406399999999999864e+02 1.515171686399999893e-12
7.408300000000000409e+02 1.542571042599999992e-12
7.410199999999999818e+02 1.616038646599999781e-12
7.412100000000000364e+02 1.645093358700000255e-12
7.413999999999999773e+02 1.620463152000000083e-12
7.415899999999999181e+02 1.555566599899999863e-12
7.417799999999999727e+02 1.493470180800000015e-12
7.419700000000000273e+02 1.519665855499999981e-12
7.421600000000000819e+02 1.585268603200000069e-12
7.423500000000000227e+02 1.601753747999999922e-12
7.425399999999999636e+02 1.613888413799999954e-12
7.427300000000000182e+02 1.628606352899999885e-12
7.429199999999999591e+02 1.631036284800000048e-12
7.431100000000000136e+02 1.610631476200000182e-12
7.432999999999999545e+02 1.573372841999999869e-12
7.434900000000000091e+02 1.549135763999999930e-12
7.436800000000000637e+02 1.589638310399999981e-12
7.438700000000000045e+02 1.592833953599999934e-12
7.440600000000000591e+02 1.560561681599999916e-12
7.442500000000000000e+02 1.532433077500000044e-12
7.444399999999999409e+02 1.532898737199999948e-12
7.446299999999999955e+02 1.526647872300000033e-12
7.448199999999999363e+02 1.557053658199999943e-12
7.450099999999999909e+02 1.577588475400000062e-12
7.452000000000000455e+02 1.607433659999999919e-12
7.453899999999999864e+02 1.564536340499999927e-12
7.455800000000000409e+02 1.582396624600000086e-12
7.457699999999999818e+02 1.568413971599999957e-12
7.459600000000000364e+02 1.604791207600000119e-12
7.461499999999999773e+02 1.651834331500000110e-12
7.463399999999999181e+02 1.632588896399999897e-12
7.465299999999999727e+02 1.650794323699999990e-12
7.467200000000000273e+02 1.671689531199999851e-12
7.469100000000000819e+02 1.689756900299999878e-12
7.471000000000000227e+02 1.630052663999999981e-12
7.472899999999999636e+02 1.617897795799999876e-12
7.474800000000000182e+02 1.670528102400000192e-12
7.476699999999999591e+02 1.680724776499999812e-12
7.478600000000000136e+02 1.694471273600000123e-12
7.480499999999999545e+02 1.733373979499999844e-12
7.482400000000000091e+02 1.769827036799999870e-12
7.484300000000000637e+02 1.785499513799999895e-12
7.486200000000000045e+02 1.761240842999999780e-12
7.488100000000000591e+02 1.751855971200000189e-12
7.490000000000000000e+02 1.767093230000000184e-12
7.491899999999999409e+02 1.722297907199999813e-12
7.493799999999999955e+02 1.689836912399999833e-12
7.495699999999999363e+02 1.744324346999999964e-12
7.497599999999999909e+02 1.829159481599999743e-12
7.499500000000000455e+02 1.860198478499999907e-12
7.501399999999999864e+02 1.842126299399999849e-12
7.503300000000000409e+02 1.796395066199999960e-12
7.505199999999999818e+02 1.798411034400000099e-12
7.507100000000000364e+02 1.869613226599999940e-12
7.508999999999999773e+02 1.894438100999999834e-12
7.510899999999999181e+02 1.880811979899999712e-12
7.512799999999999727e+02 1.859748563199999983e-12
7.514700000000000273e+02 1.872257446199999801e-12
7.516600000000000819e+02 1.868641793200000450e-12
7.518500000000000227e+02 1.861881340000000025e-12
7.520399999999999636e+02 1.869601521599999807e-12
7.522300000000000182e+02 1.847424223900000271e-12
7.524199999999999591e+02 1.859944618999999881e-12
7.526100000000000136e+02 1.850434680900000313e-12
7.527999999999999545e+02 1.912962663999999833e-12
7.529900000000000091e+02 1.938452276599999733e-12
7.531800000000000637e+02 1.947264040200000150e-12
7.533700000000000045e+02 1.964035589999999575e-12
7.535600000000000591e+02 2.022072761600000095e-12
7.537500000000000000e+02 2.103022800000000061e-12
7.539399999999999409e+02 2.137631003200000123e-12
7.541299999999999955e+02 2.141661328300000240e-12
7.543199999999999363e+02 2.128962595199999884e-12
7.545099999999999909e+02 2.107542602599999928e-12
7.547000000000000455e+02 2.114254314999999788e-12
7.548899999999999864e+02 2.116756853399999648e-12
7.550800000000000409e+02 2.129106626800000016e-12
7.552699999999999818e+02 2.152247602799999982e-12
7.554600000000000364e+02 2.177152619399999944e-12
7.556499999999999773e+02 2.186579065999999912e-12
7.558399999999999181e+02 2.198829260799999863e-12
7.560299999999999727e+02 2.223038172300000029e-12
7.562200000000000273e+02 2.168370103599999922e-12
7.564100000000000819e+02 2.107902875199999972e-12
7.566000000000000227e+02 2.056484195999999863e-12
7.567899999999999636e+02 2.101885842299999912e-12
7.569800000000000182e+02 2.188186946400000160e-12
7.571699999999999591e+02 2.251429851600000095e-12
7.573600000000000136e+02 2.207666532000000218e-12
7.575499999999999545e+02 2.179691039499999702e-12
7.577400000000000091e+02 2.220337325399999865e-12
7.579300000000000637e+02 2.323237353200000089e-12
7.581200000000000045e+02 2.361695423999999737e-12
7.583100000000000591e+02 2.245151166300000127e-12
7.585000000000000000e+02 1.962368444999999918e-12
7.586899999999999409e+02 1.588560295799999951e-12
7.588799999999999955e+02 1.281922862399999893e-12
7.590699999999999363e+02 1.155600577299999899e-12
7.592599999999999909e+02 1.032973230000000077e-12
7.594500000000000455e+02 8.658869174999999361e-13
7.596399999999999864e+02 7.383298190799999710e-13
7.598300000000000409e+02 6.482664405900000097e-13
7.600199999999999818e+02 5.601970616399999431e-13
7.602100000000000364e+02 4.927856068300000741e-13
7.603999999999999773e+02 4.960887619999999675e-13
7.605899999999999181e+02 5.313489345899999564e-13
7.607799999999999727e+02 5.778831625399999840e-13
7.609700000000000273e+02 6.920284009099999671e-13
7.611600000000000819e+02 8.504516796000000901e-13
7.613500000000000227e+02 1.014894776999999997e-12
7.615399999999999636e+02 1.245894670799999859e-12
7.617300000000000182e+02 1.415020117200000080e-12
7.619199999999999591e+02 1.379639020799999940e-12
7.621100000000000136e+02 1.200003163799999902e-12
7.622999999999999545e+02 9.773295840000001120e-13
7.624900000000000091e+02 7.966419270999999604e-13
7.626800000000000637e+02 6.855318672800000633e-13
7.628700000000000045e+02 6.222448328099999749e-13
7.630600000000000591e+02 5.993233482599999644e-13
7.632500000000000000e+02 6.420535325000000557e-13
7.634399999999999409e+02 6.744732830399999923e-13
7.636299999999999955e+02 6.944390129600000187e-13
7.638199999999999363e+02 6.879024025599998977e-13
7.640099999999999909e+02 7.292849814899999583e-13
7.642000000000000455e+02 7.567719759999999123e-13
7.643899999999999864e+02 7.904251233999999583e-13
7.645800000000000409e+02 8.133678497999999735e-13
7.647699999999999818e+02 7.700239699000000175e-13
7.649600000000000364e+02 7.538589004800000776e-13
7.651499999999999773e+02 7.443256776000000663e-13
7.653399999999999181e+02 6.836391896599999502e-13
7.655299999999999727e+02 6.248516140200000427e-13
7.657200000000000273e+02 5.496169701599999368e-13
7.659100000000000819e+02 4.446053936300000719e-13
7.661000000000000227e+02 3.429868004999999904e-13
7.662899999999999636e+02 2.773670946899999874e-13
7.664800000000000182e+02 3.086860233600000297e-13
7.666699999999999591e+02 3.858190107999999543e-13
7.668600000000000136e+02 4.374591213000000020e-13
7.670499999999999545e+02 4.673697014000000416e-13
7.672400000000000091e+02 5.384267820400000140e-13
7.674300000000000637e+02 6.097054841099999403e-13
7.676200000000000045e+02 6.326386287199999751e-13
7.678100000000000591e+02 6.657427132700000355e-13
7.680000000000000000e+02 7.035448319999999874e-13
7.681899999999999409e+02 7.207273808500000152e-13
7.683799999999999955e+02 7.330468140800000602e-13
7.685699999999999363e+02 7.385427386699999896e-13
7.687599999999999909e+02 7.274053245600000490e-13
7.689500000000000455e+02 6.993061984999999502e-13
7.691399999999999864e+02 6.334813942199999846e-13
7.693300000000000409e+02 5.372385256000000795e-13
7.695199999999999818e+02 4.261186219199999763e-13
7.697100000000000364e+02 3.699418687500000053e-13
7.698999999999999773e+02 4.214586579999999801e-13
7.700899999999999181e+02 5.269556450199999373e-13
7.702799999999999727e+02 5.929584628800000796e-13
7.704700000000000273e+02 6.638731640899999551e-13
7.706600000000000819e+02 7.242978650600000314e-13
7.708500000000000227e+02 7.803622889999999794e-13
7.710399999999999636e+02 8.393618543999999892e-13
7.712300000000000182e+02 8.882101663999999790e-13
7.714199999999999591e+02 9.090644706000000631e-13
7.716100000000000136e+02 9.572747982000000203e-13
7.717999999999999545e+02 9.860516800000000246e-13
7.719900000000000091e+02 1.000900474799999984e-12
7.721800000000000637e+02 1.047022027399999998e-12
7.723700000000000045e+02 1.100727658099999897e-12
7.725600000000000591e+02 1.142021368800000198e-12
7.727500000000000000e+02 1.182462049999999964e-12
7.729399999999999409e+02 1.202996086600000015e-12
7.731299999999999955e+02 1.213357953300000117e-12
7.733199999999999363e+02 1.242408178799999789e-12
7.735099999999999909e+02 1.273398572600000068e-12
7.737000000000000455e+02 1.310036576999999918e-12
7.738899999999999864e+02 1.286824292000000074e-12
7.740800000000000409e+02 1.192795353599999955e-12
7.742699999999999818e+02 1.093509263699999993e-12
7.744600000000000364e+02 1.001609118000000131e-12
7.746499999999999773e+02 9.342278999999999476e-13
7.748399999999999181e+02 8.979388307999999543e-13
7.750299999999999727e+02 9.105517457999999243e-13
7.752200000000000273e+02 9.630868147999999942e-13
7.754100000000000819e+02 9.702007460999999971e-13
7.756000000000000227e+02 9.925120520000000887e-13
7.757899999999999636e+02 1.035214175999999943e-12
7.759800000000000182e+02 1.042521370200000022e-12
7.761699999999999591e+02 1.026841863199999937e-12
7.763600000000000136e+02 1.063302656000000050e-12
7.765499999999999545e+02 1.129095934499999876e-12
7.767400000000000091e+02 1.138747444400000089e-12
7.769300000000000637e+02 1.168261871700000089e-12
7.771200000000000045e+02 1.198987363199999993e-12
7.773100000000000591e+02 1.188071696400000091e-12
7.775000000000000000e+02 1.222338849999999962e-12
7.776899999999999409e+02 1.215350601299999968e-12
7.778799999999999955e+02 1.142324558800000049e-12
7.780699999999999363e+02 1.089889333200000071e-12
7.782599999999999909e+02 1.049670392400000179e-12
7.784500000000000455e+02 1.026285126500000028e-12
7.786399999999999864e+02 1.078525409599999917e-12
7.788300000000000409e+02 1.141834874699999989e-12
7.790199999999999818e+02 1.175190620999999845e-12
7.792100000000000364e+02 1.205944356500000093e-12
7.793999999999999773e+02 1.169326025999999922e-12
7.795899999999999181e+02 1.084768301400000016e-12
7.797799999999999727e+02 1.038238080999999937e-12
7.799700000000000273e+02 1.143046035000000075e-12
7.801600000000000819e+02 1.324305996800000255e-12
7.803500000000000227e+02 1.414946226999999922e-12
7.805399999999999636e+02 1.434882292799999982e-12
7.807300000000000182e+02 1.444053822600000155e-12
7.809199999999999591e+02 1.482397008399999844e-12
7.811100000000000136e+02 1.535584149000000212e-12
7.812999999999999545e+02 1.549317899999999905e-12
7.814900000000000091e+02 1.534643172599999902e-12
7.816800000000000637e+02 1.471958157600000024e-12
7.818700000000000045e+02 1.402424581600000004e-12
7.820600000000000591e+02 1.351821992400000173e-12
7.822500000000000000e+02 1.351219537500000109e-12
7.824399999999999409e+02 1.313442905999999974e-12
7.826299999999999955e+02 1.212599095699999923e-12
7.828199999999999363e+02 1.184884180199999919e-12
7.830099999999999909e+02 1.218551482400000105e-12
7.832000000000000455e+02 1.258939175999999982e-12
7.833899999999999864e+02 1.286451722399999903e-12
7.835800000000000409e+02 1.294160728000000132e-12
7.837699999999999818e+02 1.300376320100000012e-12
7.839600000000000364e+02 1.339677885600000055e-12
7.841499999999999773e+02 1.380417660000000031e-12
7.843399999999999181e+02 1.460009692999999802e-12
7.845299999999999727e+02 1.451333428199999893e-12
7.847200000000000273e+02 1.403181373599999914e-12
7.849100000000000819e+02 1.367038501499999893e-12
7.851000000000000227e+02 1.384288319999999950e-12
7.852899999999999636e+02 1.435266680099999941e-12
7.854800000000000182e+02 1.473434803199999956e-12
7.856699999999999591e+02 1.473013399499999960e-12
7.858600000000000136e+02 1.453330191000000026e-12
7.860499999999999545e+02 1.377819881999999988e-12
7.862400000000000091e+02 1.347269414399999978e-12
7.864300000000000637e+02 1.374962754800000052e-12
7.866200000000000045e+02 1.398303578199999952e-12
7.868100000000000591e+02 1.345146112200000167e-12
7.870000000000000000e+02 1.361777579999999935e-12
7.871899999999999409e+02 1.398151774699999878e-12
7.873799999999999955e+02 1.467353494199999986e-12
7.875699999999999363e+02 1.522231047399999949e-12
7.877599999999999909e+02 1.561513627200000082e-12
7.879500000000000455e+02 1.606094244000000095e-12
7.881399999999999864e+02 1.626295364399999936e-12
7.883300000000000409e+02 1.647877732200000116e-12
7.885199999999999818e+02 1.639640602799999923e-12
7.887100000000000364e+02 1.661236211700000159e-12
7.888999999999999773e+02 1.705941027000000022e-12
7.890899999999999181e+02 1.700283786599999894e-12
7.892799999999999727e+02 1.613359355200000170e-12
7.894700000000000273e+02 1.509245588399999904e-12
7.896600000000000819e+02 1.447257261600000099e-12
7.898500000000000227e+02 1.467170070499999881e-12
7.900399999999999636e+02 1.554751317600000004e-12
7.902300000000000182e+02 1.589207846099999944e-12
7.904199999999999591e+02 1.514824121600000067e-12
7.906100000000000136e+02 1.418243654599999965e-12
7.907999999999999545e+02 1.362485136000000051e-12
7.909900000000000091e+02 1.365296199399999894e-12
7.911800000000000637e+02 1.413878219000000205e-12
7.913700000000000045e+02 1.436558133599999947e-12
7.915600000000000591e+02 1.383916010400000010e-12
7.917500000000000000e+02 1.394279667500000043e-12
7.919399999999999409e+02 1.432009666199999964e-12
7.921299999999999955e+02 1.486851773900000121e-12
7.923199999999999363e+02 1.518774438399999908e-12
7.925099999999999909e+02 1.504936864499999991e-12
7.927000000000000455e+02 1.571099691999999919e-12
7.928899999999999864e+02 1.634606166199999928e-12
7.930800000000000409e+02 1.704368573999999953e-12
7.932699999999999818e+02 1.726512491499999977e-12
7.934600000000000364e+02 1.667662489600000142e-12
7.936499999999999773e+02 1.557093681000000096e-12
7.938399999999999181e+02 1.475827944000000000e-12
7.940299999999999727e+02 1.488369533500000111e-12
7.942200000000000273e+02 1.506254114399999859e-12
7.944100000000000819e+02 1.430851571500000118e-12
7.946000000000000227e+02 1.410859976000000063e-12
7.947899999999999636e+02 1.533912908400000069e-12
7.949800000000000182e+02 1.671683944000000049e-12
7.951699999999999591e+02 1.761691183299999949e-12
7.953600000000000136e+02 1.807582857600000251e-12
7.955499999999999545e+02 1.752970558499999999e-12
7.957400000000000091e+02 1.654136567599999932e-12
7.959300000000000637e+02 1.613095412399999842e-12
7.961200000000000045e+02 1.681723888000000034e-12
7.963100000000000591e+02 1.719185511399999937e-12
7.965000000000000000e+02 1.803021119999999925e-12
7.966899999999999409e+02 1.903236641700000224e-12
7.968799999999999955e+02 1.923357536800000212e-12
7.970699999999999363e+02 1.837597060800000141e-12
7.972599999999999909e+02 1.774541308000000123e-12
7.974500000000000455e+02 1.710139499499999951e-12
7.976399999999999864e+02 1.700672173199999962e-12
7.978300000000000409e+02 1.714249451199999938e-12
7.980199999999999818e+02 1.686312022399999950e-12
7.982100000000000364e+02 1.606301839800000111e-12
7.983999999999999773e+02 1.628592287999999922e-12
7.985899999999999181e+02 1.657824924599999926e-12
7.987799999999999727e+02 1.738368938399999957e-12
7.989700000000000273e+02 1.737975471899999942e-12
7.991600000000000819e+02 1.729669937600000203e-12
7.993500000000000227e+02 1.752183193500000147e-12
7.995399999999999636e+02 1.776881705200000006e-12
7.997300000000000182e+02 1.806853980900000007e-12
7.999199999999999591e+02 1.852150766399999851e-12
8.001100000000000136e+02 1.884627100600000143e-12
8.002999999999999545e+02 1.919335480999999801e-12
8.004900000000000091e+02 1.978611157500000211e-12
8.006800000000000637e+02 2.010315316800000248e-12
8.008700000000000045e+02 2.005794932399999860e-12
8.010600000000000591e+02 2.039811173400000294e-12
8.012500000000000000e+02 2.104050449999999963e-12
8.014399999999999409e+02 2.136414636800000055e-12
8.016299999999999955e+02 2.142869218200000310e-12
8.018199999999999363e+02 2.139095395999999938e-12
8.020099999999999909e+02 2.121757555500000065e-12
8.022000000000000455e+02 2.182986749999999912e-12
8.023899999999999864e+02 2.259907363299999876e-12
8.025800000000000409e+02 2.330772578000000355e-12
8.027699999999999818e+02 2.353681501500000135e-12
8.029600000000000364e+02 2.351147176000000088e-12
8.031499999999999773e+02 2.366007616500000042e-12
8.033399999999999181e+02 2.373974134199999899e-12
8.035299999999999727e+02 2.400827110499999992e-12
8.037200000000000273e+02 2.411023367600000123e-12
8.039100000000000819e+02 2.449160049600000079e-12
8.041000000000000227e+02 2.476105334999999850e-12
8.042899999999999636e+02 2.439926315599999878e-12
8.044800000000000182e+02 2.484692793600000192e-12
8.046699999999999591e+02 2.621140104700000188e-12
8.048600000000000136e+02 2.697995351800000101e-12
8.050499999999999545e+02 2.756893725000000110e-12
8.052400000000000091e+02 2.810722429600000005e-12
8.054300000000000637e+02 2.796509340100000107e-12
8.056200000000000045e+02 2.818880492399999925e-12
8.058100000000000591e+02 2.813767648500000342e-12
8.060000000000000000e+02 2.774155279999999906e-12
8.061899999999999409e+02 2.804219048399999846e-12
8.063799999999999955e+02 2.835562695800000163e-12
8.065699999999999363e+02 2.840844394100000142e-12
8.067599999999999909e+02 2.901528475200000382e-12
8.069500000000000455e+02 2.968034725499999709e-12
8.071399999999999864e+02 3.021504375800000076e-12
8.073300000000000409e+02 3.051828499499999890e-12
8.075199999999999818e+02 3.084403391999999858e-12
8.077100000000000364e+02 3.111912779600000057e-12
8.078999999999999773e+02 3.180257954999999891e-12
8.080899999999999181e+02 3.235252962199999672e-12
8.082799999999999727e+02 3.239820641200000071e-12
8.084700000000000273e+02 3.242126394000000172e-12
8.086600000000000819e+02 3.253966974000000424e-12
8.088500000000000227e+02 3.300326389499999804e-12
8.090399999999999636e+02 3.305737440000000065e-12
8.092300000000000182e+02 3.269645261200000444e-12
8.094199999999999591e+02 3.301826534999999976e-12
8.096100000000000136e+02 3.308042171700000258e-12
8.097999999999999545e+02 3.304793800000000272e-12
8.099900000000000091e+02 3.309692039099999718e-12
8.101800000000000637e+02 3.366516648600000208e-12
8.103700000000000045e+02 3.418391874699999817e-12
8.105600000000000591e+02 3.507649766400000045e-12
8.107500000000000000e+02 3.534448409999999718e-12
8.109399999999999409e+02 3.543207704399999951e-12
8.111299999999999955e+02 3.527442143999999980e-12
8.113199999999999363e+02 3.439445102399999772e-12
8.115099999999999909e+02 3.531334455600000027e-12
8.117000000000000455e+02 3.672569117999999688e-12
8.118899999999999864e+02 3.704897636999999556e-12
8.120800000000000409e+02 3.755699463199999507e-12
8.122699999999999818e+02 3.774886739099999968e-12
8.124600000000000364e+02 3.807577540800000310e-12
8.126499999999999773e+02 3.823071292499999561e-12
8.128399999999999181e+02 3.782827305599999827e-12
8.130299999999999727e+02 3.748466684699999874e-12
8.132200000000000273e+02 3.780545929199999616e-12
8.134100000000000819e+02 3.828777808699999836e-12
8.136000000000000227e+02 3.944422296000000111e-12
8.137899999999999636e+02 3.902171877399999918e-12
8.139800000000000182e+02 3.809369421399999736e-12
8.141699999999999591e+02 3.794650969199999729e-12
8.143600000000000136e+02 3.778988718400000116e-12
8.145499999999999545e+02 3.721727823000000157e-12
8.147400000000000091e+02 3.749001667799999862e-12
8.149300000000000637e+02 3.787965775300000847e-12
8.151200000000000045e+02 3.783338723999999611e-12
8.153100000000000591e+02 3.780934900199999718e-12
8.155000000000000000e+02 3.771630414999999911e-12
8.156899999999999409e+02 3.730321664899999876e-12
8.158799999999999955e+02 3.637698885600000366e-12
8.160699999999999363e+02 3.637297436299999630e-12
8.162599999999999909e+02 3.745808977399999908e-12
8.164500000000000455e+02 3.868691173500000067e-12
8.166399999999999864e+02 3.932121599999999723e-12
8.168300000000000409e+02 3.951398788399999984e-12
8.170199999999999818e+02 3.945307878000000575e-12
8.172100000000000364e+02 3.874343577400000199e-12
8.173999999999999773e+02 3.682076387999999916e-12
8.175899999999999181e+02 3.324737910899999480e-12
8.177799999999999727e+02 2.842047189599999917e-12
8.179700000000000273e+02 2.416757802599999752e-12
8.181600000000000819e+02 2.426957097600000008e-12
8.183500000000000227e+02 2.878357904500000125e-12
8.185399999999999636e+02 3.186674444799999696e-12
8.187300000000000182e+02 3.115529643599999752e-12
8.189199999999999591e+02 2.707799925999999757e-12
8.191100000000000136e+02 2.212227714699999978e-12
8.192999999999999545e+02 2.108091672000000009e-12
8.194900000000000091e+02 2.433409995799999960e-12
8.196799999999999500e+02 2.817600819199999883e-12
8.198700000000001182e+02 3.195336741900000394e-12
8.200600000000000591e+02 3.470575925999999979e-12
8.202500000000000000e+02 3.444123117500000093e-12
8.204399999999999409e+02 3.351078975599999687e-12
8.206299999999998818e+02 3.453342340799999533e-12
8.208200000000000500e+02 3.589224238600000319e-12
8.210099999999999909e+02 3.538536679800000337e-12
8.212000000000000455e+02 3.533089819999999900e-12
8.213899999999999864e+02 3.551542509799999952e-12
8.215799999999999272e+02 3.547147002599999686e-12
8.217700000000000955e+02 3.628114550000000180e-12
8.219600000000000364e+02 3.719352560800000220e-12
8.221499999999999773e+02 3.768760264499999874e-12
8.223399999999999181e+02 3.647521963599999676e-12
8.225299999999999727e+02 3.503360902499999762e-12
8.227200000000000273e+02 3.552513187200000411e-12
8.229100000000000819e+02 3.623165751700000118e-12
8.231000000000000227e+02 3.700698755000000103e-12
8.232899999999999636e+02 3.836753688300000270e-12
8.234799999999999045e+02 3.985173816399999322e-12
8.236700000000000728e+02 4.089043821400000416e-12
8.238600000000000136e+02 4.117108532400000543e-12
8.240499999999999545e+02 4.035595343500000238e-12
8.242400000000000091e+02 4.068473367199999702e-12
8.244299999999999500e+02 4.208830570199999626e-12
8.246200000000001182e+02 4.168462346200000459e-12
8.248100000000000591e+02 3.945173455300000451e-12
8.250000000000000000e+02 3.873325500000000649e-12
8.251899999999999409e+02 3.777538278199999384e-12
8.253799999999998818e+02 3.725468183199999775e-12
8.255700000000000500e+02 3.878783786700000756e-12
8.257599999999999909e+02 4.026199320000000526e-12
8.259500000000000455e+02 4.138125132999999616e-12
8.261399999999999864e+02 4.163588633399999377e-12
8.263299999999999272e+02 4.189055145099999703e-12
8.265200000000000955e+02 4.116499390400000846e-12
8.267100000000000364e+02 3.961693525200000267e-12
8.268999999999999773e+02 3.790517869000000063e-12
8.270899999999999181e+02 3.708100867900000248e-12
8.272799999999999727e+02 3.708323963999999913e-12
8.274700000000000273e+02 3.770623570700000122e-12
8.276600000000000819e+02 3.727482682399999478e-12
8.278500000000000227e+02 3.647697505500000298e-12
8.280399999999999636e+02 3.626955966800000084e-12
8.282299999999999045e+02 3.619075219499999805e-12
8.284200000000000728e+02 3.531587596800000231e-12
8.286100000000000136e+02 3.380355925500000002e-12
8.287999999999999545e+02 3.324548863999999705e-12
8.289900000000000091e+02 3.431977150499999635e-12
8.291799999999999500e+02 3.423924682199999860e-12
8.293700000000001182e+02 3.379815449200000258e-12
8.295600000000000591e+02 3.328866663600000191e-12
8.297500000000000000e+02 3.327131550000000270e-12
8.299399999999999409e+02 3.250966273399999748e-12
8.301299999999998818e+02 3.192281517599999706e-12
8.303200000000000500e+02 3.265382857600000158e-12
8.305099999999999909e+02 3.364819570100000107e-12
8.307000000000000455e+02 3.394904760000000005e-12
8.308899999999999864e+02 3.439867982199999777e-12
8.310799999999999272e+02 3.447145313199999603e-12
8.312700000000000955e+02 3.490644045900000204e-12
8.314600000000000364e+02 3.547133079000000085e-12
8.316499999999999773e+02 3.597518303999999904e-12
8.318399999999999181e+02 3.611400086399999823e-12
8.320299999999999727e+02 3.619937881899999788e-12
8.322200000000000273e+02 3.578745732800000388e-12
8.324100000000000819e+02 3.480206320800000204e-12
8.326000000000000227e+02 3.586549390000000274e-12
8.327899999999999636e+02 3.731115725399999901e-12
8.329799999999999045e+02 3.705194997599999618e-12
8.331700000000000728e+02 3.529324783400000219e-12
8.333600000000000136e+02 3.418959403200000162e-12
8.335499999999999545e+02 3.523182455999999950e-12
8.337400000000000091e+02 3.574168343399999566e-12
8.339299999999999500e+02 3.560864421399999675e-12
8.341200000000001182e+02 3.481858774800000378e-12
8.343100000000000591e+02 3.437181994900000207e-12
8.345000000000000000e+02 3.507553710000000136e-12
8.346899999999999409e+02 3.576045673199999877e-12
8.348799999999998818e+02 3.594959884799999881e-12
8.350700000000000500e+02 3.636470978300000209e-12
8.352599999999999909e+02 3.622806608400000183e-12
8.354500000000000455e+02 3.593997291499999755e-12
8.356399999999999864e+02 3.615471667599999730e-12
8.358299999999999272e+02 3.592790180100000022e-12
8.360200000000000955e+02 3.581693604400000180e-12
8.362100000000000364e+02 3.595937138800000450e-12
8.363999999999999773e+02 3.667655820000000318e-12
8.365899999999999181e+02 3.815118108799999436e-12
8.367799999999999727e+02 3.807374103399999595e-12
8.369700000000000273e+02 3.595823992800000033e-12
8.371600000000000819e+02 3.413988709600000234e-12
8.373500000000000227e+02 3.414562576999999750e-12
8.375399999999999636e+02 3.537299937599999842e-12
8.377299999999999045e+02 3.609929361399999816e-12
8.379200000000000728e+02 3.580239438400000555e-12
8.381100000000000136e+02 3.572653402500000398e-12
8.382999999999999545e+02 3.422502261000000149e-12
8.384900000000000091e+02 3.228077496300000001e-12
8.386799999999999500e+02 3.292062217199999926e-12
8.388700000000001182e+02 3.443863343200000362e-12
8.390600000000000591e+02 3.472013498800000307e-12
8.392500000000000000e+02 3.479572462500000094e-12
8.394399999999999409e+02 3.569685022399999946e-12
8.396299999999998818e+02 3.720224207699999429e-12
8.398200000000000500e+02 3.825774815400000429e-12
8.400099999999999909e+02 3.862113976999999797e-12
8.402000000000000455e+02 3.870087229999999574e-12
8.403899999999999864e+02 3.852070431300000211e-12
8.405799999999999272e+02 3.865070897999999178e-12
8.407700000000000955e+02 3.767481962300000349e-12
8.409600000000000364e+02 3.763666022400000874e-12
8.411499999999999773e+02 3.884506403499999805e-12
8.413399999999999181e+02 3.964402493399999583e-12
8.415299999999999727e+02 3.804161610899999587e-12
8.417200000000000273e+02 3.611879440400000143e-12
8.419100000000000819e+02 3.519478468499999996e-12
8.421000000000000227e+02 3.562268262000000150e-12
8.422899999999999636e+02 3.537693806099999621e-12
8.424799999999999045e+02 3.530092297599999744e-12
8.426700000000000728e+02 3.596852628000000175e-12
8.428600000000000136e+02 3.369004134600000343e-12
8.430499999999999545e+02 2.823256422999999846e-12
8.432400000000000091e+02 2.585812324800000001e-12
8.434299999999999500e+02 2.740936642499999750e-12
8.436200000000001182e+02 2.943989150200000169e-12
8.438100000000000591e+02 2.838500897100000280e-12
8.440000000000000000e+02 2.551867760000000111e-12
8.441899999999999409e+02 2.351854246700000054e-12
8.443799999999998818e+02 2.417172850799999892e-12
8.445700000000000500e+02 2.482858440300000003e-12
8.447599999999999909e+02 2.406518497600000148e-12
8.449500000000000455e+02 2.103241090499999960e-12
8.451399999999999864e+02 1.962448885599999805e-12
8.453299999999999272e+02 2.034641683599999787e-12
8.455200000000000955e+02 2.113969104000000291e-12
8.457100000000000364e+02 2.186650861800000295e-12
8.458999999999999773e+02 2.141818799999999969e-12
8.460899999999999181e+02 2.089004670899999683e-12
8.462799999999999727e+02 2.072167356799999511e-12
8.464700000000000273e+02 2.049193828900000141e-12
8.466600000000000819e+02 2.102095914600000097e-12
8.468500000000000227e+02 2.111027679999999855e-12
8.470399999999999636e+02 2.145764079999999707e-12
8.472299999999999045e+02 2.213430736499999842e-12
8.474200000000000728e+02 2.269322966400000241e-12
8.476100000000000136e+02 2.328571144200000083e-12
8.477999999999999545e+02 2.302675668000000188e-12
8.479900000000000091e+02 2.309661883100000094e-12
8.481799999999999500e+02 2.385828558399999849e-12
8.483700000000001182e+02 2.443441339200000251e-12
8.485600000000000591e+02 2.518076343199999835e-12
8.487500000000000000e+02 2.604576099999999965e-12
8.489399999999999409e+02 2.631934724399999995e-12
8.491299999999998818e+02 2.554768939699999749e-12
8.493200000000000500e+02 2.444011725199999983e-12
8.495099999999999909e+02 2.404911839400000292e-12
8.497000000000000455e+02 2.492739399000000229e-12
8.498899999999999864e+02 2.529842066299999911e-12
8.500799999999999272e+02 2.490445372799999576e-12
8.502700000000000955e+02 2.353998003100000228e-12
8.504600000000000364e+02 2.285857883399999835e-12
8.506499999999999773e+02 2.409704306999999959e-12
8.508399999999999181e+02 2.452384640399999856e-12
8.510299999999999727e+02 2.415801840399999621e-12
8.512200000000000273e+02 2.316442010400000191e-12
8.514100000000000819e+02 2.246785849000000021e-12
8.516000000000000227e+02 2.185588820000000066e-12
8.517899999999999636e+02 2.181630101699999867e-12
8.519799999999999045e+02 2.272605531199999590e-12
8.521700000000000728e+02 2.390370936800000202e-12
8.523600000000000136e+02 2.458265905200000079e-12
8.525499999999999545e+02 2.480067949999999981e-12
8.527400000000000091e+02 2.509724676199999766e-12
8.529299999999999500e+02 2.547096329700000073e-12
8.531200000000001182e+02 2.591650592000000366e-12
8.533100000000000591e+02 2.634176503099999891e-12
8.535000000000000000e+02 2.624572244999999835e-12
8.536899999999999409e+02 2.599426291699999704e-12
8.538799999999998818e+02 2.657633189599999609e-12
8.540700000000000500e+02 2.669122482600000219e-12
8.542599999999999909e+02 2.720920611200000074e-12
8.544500000000000455e+02 2.836680010499999652e-12
8.546399999999999864e+02 2.965156387199999802e-12
8.548299999999999272e+02 3.013455264300000000e-12
8.550200000000000955e+02 3.013355536200000288e-12
8.552100000000000364e+02 3.056246872799999910e-12
8.553999999999999773e+02 3.031400736000000259e-12
8.555899999999999181e+02 2.872001732499999829e-12
8.557799999999999727e+02 2.762192548199999880e-12
8.559700000000000273e+02 2.860977008600000210e-12
8.561600000000000819e+02 3.041594015999999951e-12
8.563500000000000227e+02 3.087407218499999885e-12
8.565399999999999636e+02 3.062490246800000054e-12
8.567299999999999045e+02 2.992069553899999407e-12
8.569200000000000728e+02 2.909911797600000376e-12
8.571100000000000136e+02 2.901420203199999984e-12
8.572999999999999545e+02 2.984569927999999937e-12
8.574900000000000091e+02 3.113657663699999706e-12
8.576799999999999500e+02 3.094457979199999630e-12
8.578700000000001182e+02 3.008327043800000479e-12
8.580600000000000591e+02 3.029827021200000246e-12
8.582500000000000000e+02 3.137547437499999828e-12
8.584399999999999409e+02 3.225021729599999966e-12
8.586299999999998818e+02 3.226877507099999623e-12
8.588200000000000500e+02 3.150563993600000348e-12
8.590099999999999909e+02 3.103285296300000027e-12
8.592000000000000455e+02 3.196052160000000013e-12
8.593899999999999864e+02 3.244841792499999798e-12
8.595799999999999272e+02 3.246590681000000000e-12
8.597700000000000955e+02 3.271820344200000474e-12
8.599600000000000364e+02 3.319961575999999991e-12
8.601499999999999773e+02 3.394160501499999988e-12
8.603399999999999181e+02 3.439596303000000198e-12
8.605299999999999727e+02 3.427155383299999601e-12
8.607200000000000273e+02 3.354802522400000533e-12
8.609100000000000819e+02 3.311077078200000294e-12
8.611000000000000227e+02 3.264576486999999816e-12
8.612899999999999636e+02 3.177720842099999847e-12
8.614799999999999045e+02 3.249493945199999727e-12
8.616700000000000728e+02 3.350129876500000268e-12
8.618600000000000136e+02 3.332304122600000284e-12
8.620499999999999545e+02 3.236187422999999957e-12
8.622400000000000091e+02 3.162791166399999837e-12
8.624299999999999500e+02 3.123066013200000039e-12
8.626200000000001182e+02 3.093355320000000346e-12
8.628100000000000591e+02 3.130507638700000372e-12
8.630000000000000000e+02 3.228405329999999943e-12
8.631899999999999409e+02 3.238429922999999581e-12
8.633799999999998818e+02 3.229792340599999346e-12
8.635700000000000500e+02 3.178852984200000547e-12
8.637599999999999909e+02 3.253282939200000074e-12
8.639500000000000455e+02 3.366026955500000030e-12
8.641399999999999864e+02 3.295994146599999650e-12
8.643299999999999272e+02 3.233441243399999723e-12
8.645200000000000955e+02 3.186024201200000558e-12
8.647100000000000364e+02 3.181942563799999894e-12
8.648999999999999773e+02 3.359254301999999843e-12
8.650899999999999181e+02 3.470827588999999836e-12
8.652799999999999727e+02 3.518548633599999526e-12
8.654700000000000273e+02 3.492959027700000252e-12
8.656600000000000819e+02 3.424758718399999918e-12
8.658500000000000227e+02 3.357541178999999995e-12
8.660399999999999636e+02 3.372697515600000038e-12
8.662299999999999045e+02 3.563315065699999681e-12
8.664200000000000728e+02 3.554089496800000474e-12
8.666100000000000136e+02 3.536635410000000424e-12
8.667999999999999545e+02 3.507540872000000011e-12
8.669900000000000091e+02 3.486028071599999643e-12
8.671799999999999500e+02 3.524462330399999665e-12
8.673700000000001182e+02 3.641106501900000365e-12
8.675600000000000591e+02 3.684518644399999939e-12
8.677500000000000000e+02 3.710802712500000254e-12
8.679399999999999409e+02 3.590320603999999809e-12
8.681299999999998818e+02 3.610405087899999738e-12
8.683200000000000500e+02 3.654012124800000120e-12
8.685099999999999909e+02 3.527653122300000091e-12
8.687000000000000455e+02 3.403444981999999707e-12
8.688899999999999864e+02 3.265332064499999695e-12
8.690799999999999272e+02 3.144765979999999677e-12
8.692700000000000955e+02 3.129015599300000239e-12
8.694600000000000364e+02 3.162191241600000058e-12
8.696499999999999773e+02 3.275571511000000059e-12
8.698399999999999181e+02 3.363201566400000018e-12
8.700299999999999727e+02 3.428187909299999458e-12
8.702200000000000273e+02 3.523868867999999985e-12
8.704100000000000819e+02 3.522557974100000361e-12
8.706000000000000227e+02 3.414519318000000110e-12
8.707899999999999636e+02 3.311744988499999801e-12
8.709799999999999045e+02 3.316447965599999604e-12
8.711700000000000728e+02 3.313434113100000284e-12
8.713600000000000136e+02 3.301103792000000165e-12
8.715499999999999545e+02 3.340860321999999842e-12
8.717400000000000091e+02 3.409235661600000071e-12
8.719299999999999500e+02 3.480840472299999895e-12
8.721200000000001182e+02 3.541330472000000184e-12
8.723100000000000591e+02 3.636983144700000490e-12
8.725000000000000000e+02 3.805391299999999745e-12
8.726899999999999409e+02 3.789516694599999672e-12
8.728799999999998818e+02 3.631119698399999454e-12
8.730700000000000500e+02 3.608590385400000366e-12
8.732599999999999909e+02 3.563861386000000165e-12
8.734500000000000455e+02 3.556697134500000039e-12
8.736399999999999864e+02 3.642519670399999668e-12
8.738299999999999272e+02 3.822473213699999361e-12
8.740200000000000955e+02 3.974605950000000655e-12
8.742100000000000364e+02 3.998286856000000334e-12
8.743999999999999773e+02 3.911401056000000087e-12
8.745899999999999181e+02 3.818573636699999656e-12
8.747799999999999727e+02 3.867174937200000002e-12
8.749700000000000273e+02 3.953709439600000944e-12
8.751600000000000819e+02 4.039834827600000444e-12
8.753500000000000227e+02 4.033639060499999690e-12
8.755399999999999636e+02 4.136733881199999500e-12
8.757299999999999045e+02 4.225922687999999345e-12
8.759200000000000728e+02 4.155373239200000092e-12
8.761100000000000136e+02 3.978038782699999736e-12
8.762999999999999545e+02 3.835118186999999697e-12
8.764900000000000091e+02 3.941198639300000579e-12
8.766799999999999500e+02 4.263934816399999411e-12
8.768700000000001182e+02 4.508128969200000094e-12
8.770600000000000591e+02 4.630762782200000112e-12
8.772500000000000000e+02 4.684690450000000163e-12
8.774399999999999409e+02 4.473487449600000313e-12
8.776299999999998818e+02 4.183776301899999188e-12
8.778200000000000500e+02 4.150885986600000435e-12
8.780099999999999909e+02 4.309396001399999459e-12
8.782000000000000455e+02 4.448486972000000531e-12
8.783899999999999864e+02 4.476354495099999527e-12
8.785799999999999272e+02 4.495535715599999898e-12
8.787700000000000955e+02 4.590369335100000863e-12
8.789600000000000364e+02 4.674652074399999680e-12
8.791499999999999773e+02 4.657235584500000027e-12
8.793399999999999181e+02 4.733592740800000090e-12
8.795299999999999727e+02 4.735072889199999934e-12
8.797200000000000273e+02 4.441011301200000184e-12
8.799100000000000819e+02 4.113227285999999929e-12
8.801000000000000227e+02 4.131013380000000360e-12
8.802899999999999636e+02 4.223147260499999931e-12
8.804799999999999045e+02 4.297015348799999172e-12
8.806700000000000728e+02 4.543411756800000314e-12
8.808600000000000136e+02 4.827667741800000745e-12
8.810499999999999545e+02 5.011121653500000193e-12
8.812400000000000091e+02 5.128102995599999781e-12
8.814299999999999500e+02 5.147084042099999272e-12
8.816200000000001182e+02 5.237713236200000602e-12
8.818100000000000591e+02 4.933894493899999653e-12
8.820000000000000000e+02 4.394635559999999884e-12
8.821899999999999409e+02 4.352866610399999939e-12
8.823799999999998818e+02 4.516285553999999662e-12
8.825700000000000500e+02 4.755657839400000260e-12
8.827599999999999909e+02 5.026506060799999957e-12
8.829500000000000455e+02 5.113375357999999655e-12
8.831399999999999864e+02 5.068234483200000004e-12
8.833299999999999272e+02 5.177612295100000057e-12
8.835200000000000955e+02 5.191722553600000969e-12
8.837100000000000364e+02 5.303435334300000104e-12
8.838999999999999773e+02 5.298335252999999808e-12
8.840899999999999181e+02 5.014593843599999943e-12
8.842799999999999727e+02 4.771309596000000090e-12
8.844700000000000273e+02 4.674928097900000740e-12
8.846600000000000819e+02 4.748554095599999676e-12
8.848500000000000227e+02 5.219066512499999496e-12
8.850399999999999636e+02 5.518516463200000153e-12
8.852299999999999045e+02 5.347417713299999713e-12
8.854200000000000728e+02 5.003499565800000688e-12
8.856100000000000136e+02 4.350621117699999967e-12
8.857999999999999545e+02 3.827763250000000098e-12
8.859900000000000091e+02 3.780218093399999740e-12
8.861799999999999500e+02 4.020837928599999961e-12
8.863700000000001182e+02 4.267357455400000481e-12
8.865600000000000591e+02 3.957160560000000478e-12
8.867500000000000000e+02 3.492189982500000037e-12
8.869399999999999409e+02 3.316392831599999975e-12
8.871299999999998818e+02 3.422245915799999437e-12
8.873200000000000500e+02 3.724046547200000187e-12
8.875099999999999909e+02 3.954291929899999851e-12
8.877000000000000455e+02 4.074516369000000006e-12
8.878899999999999864e+02 4.034021668199999780e-12
8.880799999999999272e+02 3.799277286400000027e-12
8.882700000000000955e+02 3.763688817000000475e-12
8.884600000000000364e+02 3.947792048600000101e-12
8.886499999999999773e+02 4.278929728499999553e-12
8.888399999999999181e+02 4.377288124800000359e-12
8.890299999999999727e+02 4.202755970499999593e-12
8.892200000000000273e+02 4.022288855799999777e-12
8.894100000000000819e+02 3.878556916200000508e-12
8.896000000000000227e+02 4.020778496000000633e-12
8.897899999999999636e+02 4.326639466600000196e-12
8.899799999999999045e+02 4.553217778200000088e-12
8.901700000000000728e+02 4.588541495600000354e-12
8.903600000000000136e+02 4.608325288000000509e-12
8.905499999999999545e+02 4.518837715499999956e-12
8.907400000000000091e+02 4.421526471200000148e-12
8.909299999999999500e+02 4.428715027700000006e-12
8.911200000000001182e+02 4.518539805599999555e-12
8.913100000000000591e+02 4.539548787200000500e-12
8.915000000000000000e+02 4.603795150000000666e-12
8.916899999999999409e+02 4.726206673199999665e-12
8.918799999999998818e+02 4.761408405599999307e-12
8.920700000000000500e+02 4.647104854499999688e-12
8.922599999999999909e+02 4.656669249599999770e-12
8.924500000000000455e+02 4.639276382000000107e-12
8.926399999999999864e+02 4.701517027199999772e-12
8.928299999999999272e+02 4.905136593599999693e-12
8.930200000000000955e+02 5.123773691600000875e-12
8.932100000000000364e+02 4.945167843999999778e-12
8.933999999999999773e+02 4.593532242000000055e-12
8.935899999999999181e+02 4.266338224199999581e-12
8.937799999999999727e+02 4.198120411199999359e-12
8.939700000000000273e+02 4.146161342400000794e-12
8.941600000000000819e+02 4.181369349600000025e-12
8.943500000000000227e+02 4.323511487499999265e-12
8.945399999999999636e+02 4.497890246399999382e-12
8.947299999999999045e+02 4.402161072999999367e-12
8.949200000000000728e+02 4.264222206400000844e-12
8.951100000000000136e+02 4.230137691300000147e-12
8.952999999999999545e+02 4.396343791000000284e-12
8.954900000000000091e+02 4.537349326100000229e-12
8.956799999999999500e+02 4.603293619199999719e-12
8.958700000000001182e+02 4.630348888500000089e-12
8.960600000000000591e+02 4.423516677800000129e-12
8.962500000000000000e+02 4.266463687499999683e-12
8.964399999999999409e+02 4.321450379200000415e-12
8.966299999999998818e+02 4.500356329699999366e-12
8.968200000000000500e+02 4.533873510000000033e-12
8.970099999999999909e+02 4.532448008399999526e-12
8.972000000000000455e+02 4.660011939999999880e-12
8.973899999999999864e+02 4.826863384200000337e-12
8.975799999999999272e+02 4.809781163799999952e-12
8.977700000000000955e+02 4.643823057400000211e-12
8.979600000000000364e+02 4.762959432000000388e-12
8.981499999999999773e+02 5.127170108499999639e-12
8.983399999999999181e+02 5.087497054800000448e-12
8.985299999999999727e+02 4.686292200299999864e-12
8.987200000000000273e+02 4.367851097600000522e-12
8.989100000000000819e+02 4.258037789900000161e-12
8.991000000000000227e+02 4.474802718000000459e-12
8.992899999999999636e+02 4.753574996799999665e-12
8.994799999999999045e+02 4.777632994000000014e-12
8.996700000000000728e+02 4.622531450100000929e-12
8.998600000000000136e+02 4.667285864799999959e-12
9.000499999999999545e+02 4.929771860999999816e-12
9.002400000000000091e+02 5.168745964800000185e-12
9.004299999999999500e+02 5.241448051500000085e-12
9.006200000000001182e+02 5.123302956800000871e-12
9.008100000000000591e+02 5.081027813100000141e-12
9.010000000000000000e+02 5.133510569999999283e-12
9.011899999999999409e+02 5.110405168699999668e-12
9.013799999999998818e+02 4.847865012599999563e-12
9.015700000000000500e+02 4.700100786800001018e-12
9.017599999999999909e+02 4.727990803200000291e-12
9.019500000000000455e+02 4.616585977500000244e-12
9.021399999999999864e+02 4.454577870599999507e-12
9.023299999999999272e+02 4.305142756199999746e-12
9.025200000000000955e+02 4.483565931600000315e-12
9.027100000000000364e+02 4.828568708700000077e-12
9.028999999999999773e+02 4.989976168999999708e-12
9.030899999999999181e+02 5.172213171599999750e-12
9.032799999999999727e+02 5.422995037599999773e-12
9.034700000000000273e+02 5.560379010900000876e-12
9.036600000000000819e+02 5.558566282199999855e-12
9.038500000000000227e+02 5.372782670500000529e-12
9.040399999999999636e+02 5.266014919199999488e-12
9.042299999999999045e+02 5.408986310099999924e-12
9.044200000000000728e+02 5.629218610400001002e-12
9.046100000000000136e+02 5.660262369300000296e-12
9.047999999999999545e+02 5.462015208000000393e-12
9.049900000000000091e+02 5.208986691499999174e-12
9.051799999999999500e+02 5.192709898799999974e-12
9.053700000000001182e+02 5.224374209100000402e-12
9.055600000000000591e+02 5.140492840400000779e-12
9.057500000000000000e+02 5.085695674999999552e-12
9.059399999999999409e+02 5.048830798199999313e-12
9.061299999999998818e+02 4.972261516800000393e-12
9.063200000000000500e+02 4.957044734400000460e-12
9.065099999999999909e+02 4.884547833000000735e-12
9.067000000000000455e+02 4.767845682000000235e-12
9.068899999999999864e+02 4.820437761499999554e-12
9.070799999999999272e+02 4.876398584399999386e-12
9.072700000000000955e+02 5.049510984700000617e-12
9.074600000000000364e+02 5.453771077800000223e-12
9.076499999999999773e+02 5.437785609000000402e-12
9.078399999999999181e+02 5.234124284800000053e-12
9.080299999999999727e+02 5.243982213599999664e-12
9.082200000000000273e+02 5.256141606000000993e-12
9.084100000000000819e+02 5.091501788500000055e-12
9.086000000000000227e+02 5.039477212000000275e-12
9.087899999999999636e+02 5.252369980799999968e-12
9.089799999999999045e+02 5.391323996399999690e-12
9.091700000000000728e+02 5.421135234099999844e-12
9.093600000000000136e+02 5.525416857600000462e-12
9.095499999999999545e+02 5.560988700000000175e-12
9.097400000000000091e+02 5.455101254199999831e-12
9.099299999999999500e+02 5.475376384799999657e-12
9.101200000000001182e+02 5.492819932400000948e-12
9.103100000000000591e+02 5.301190284999999793e-12
9.105000000000000000e+02 5.302688265000000024e-12
9.106899999999999409e+02 5.605078384400000160e-12
9.108799999999998818e+02 5.838950302399999163e-12
9.110700000000000500e+02 5.978222683200000422e-12
9.112599999999999909e+02 5.853660862000000837e-12
9.114500000000000455e+02 5.620283249500000235e-12
9.116399999999999864e+02 5.598135097199999900e-12
9.118299999999999272e+02 5.730623592499999965e-12
9.120200000000000955e+02 5.914322017200001200e-12
9.122100000000000364e+02 5.932986473700000174e-12
9.123999999999999773e+02 5.964586899999999556e-12
9.125899999999999181e+02 5.758187374800000232e-12
9.127799999999999727e+02 5.500549197000000061e-12
9.129700000000000273e+02 5.649860066800000627e-12
9.131600000000000819e+02 5.720527346400000665e-12
9.133500000000000227e+02 5.378069671499999847e-12
9.135399999999999636e+02 5.226791703799999433e-12
9.137299999999999045e+02 5.394406075599999970e-12
9.139200000000000728e+02 5.793804979200000124e-12
9.141100000000000136e+02 5.974019647399999501e-12
9.142999999999999545e+02 6.073475468000000525e-12
9.144900000000000091e+02 6.058907770500000150e-12
9.146799999999999500e+02 5.836079152799999328e-12
9.148700000000001182e+02 5.645031509700000386e-12
9.150600000000000591e+02 5.528170279199999481e-12
9.152500000000000000e+02 5.573771822500000313e-12
9.154399999999999409e+02 5.808064006399999877e-12
9.156299999999998818e+02 6.045337199399999379e-12
9.158200000000000500e+02 6.053084815400000154e-12
9.160099999999999909e+02 6.067512838500000660e-12
9.162000000000000455e+02 6.313891517999999758e-12
9.163899999999999864e+02 6.422665937400000219e-12
9.165799999999999272e+02 6.315016220799999454e-12
9.167700000000000955e+02 6.305140681200000527e-12
9.169600000000000364e+02 6.100727441600000407e-12
9.171499999999999773e+02 5.795837709999999637e-12
9.173399999999999181e+02 5.697488659199999525e-12
9.175299999999999727e+02 5.834564094699999840e-12
9.177200000000000273e+02 6.141749328000000886e-12
9.179100000000000819e+02 6.323794079400000655e-12
9.181000000000000227e+02 6.107100208999999929e-12
9.182899999999999636e+02 6.025589407499998987e-12
9.184799999999999045e+02 6.454930483199999450e-12
9.186700000000000728e+02 6.827840227700000160e-12
9.188600000000000136e+02 6.678210159800000256e-12
9.190499999999999545e+02 6.375201706500000510e-12
9.192400000000000091e+02 6.349475644399999809e-12
9.194299999999999500e+02 6.443457382999999534e-12
9.196200000000001182e+02 6.610164186600001010e-12
9.198100000000000591e+02 6.759168596400000281e-12
9.200000000000000000e+02 6.779295999999999712e-12
9.201899999999999409e+02 6.557780044500000156e-12
9.203799999999998818e+02 6.164116196800000121e-12
9.205700000000000500e+02 5.908678545000000353e-12
9.207599999999999909e+02 5.929970628000000695e-12
9.209500000000000455e+02 6.060624597999999971e-12
9.211399999999999864e+02 6.011322794400000054e-12
9.213299999999999272e+02 5.952095838899999625e-12
9.215200000000000955e+02 6.034711948000001029e-12
9.217100000000000364e+02 6.083166177700000350e-12
9.218999999999999773e+02 6.078566087999999763e-12
9.220899999999999181e+02 6.057144663699999601e-12
9.222799999999999727e+02 6.121015572399999652e-12
9.224700000000000273e+02 6.096761049900000573e-12
9.226600000000000819e+02 5.948988749000000601e-12
9.228500000000000227e+02 5.776939486500000362e-12
9.230399999999999636e+02 5.791946774399999544e-12
9.232299999999999045e+02 5.785706996299999589e-12
9.234200000000000728e+02 5.646759470999999888e-12
9.236100000000000136e+02 5.678234210700000600e-12
9.237999999999999545e+02 5.846286775999999845e-12
9.239900000000000091e+02 5.981005749799999752e-12
9.241799999999999500e+02 5.878986234000000134e-12
9.243700000000001182e+02 5.644961203400000394e-12
9.245600000000000591e+02 5.570982507999999732e-12
9.247500000000000000e+02 5.584519012499999953e-12
9.249399999999999409e+02 5.627316461199999107e-12
9.251299999999998818e+02 5.934181625899999359e-12
9.253200000000000500e+02 6.142052083200001004e-12
9.255099999999999909e+02 6.118315232500000363e-12
9.257000000000000455e+02 5.974134547999999571e-12
9.258899999999999864e+02 5.983064144399999094e-12
9.260799999999999272e+02 6.186575571199999262e-12
9.262700000000000955e+02 6.489530984300001192e-12
9.264600000000000364e+02 6.579376129800000621e-12
9.266499999999999773e+02 6.411176288999999578e-12
9.268399999999999181e+02 6.124447499200000016e-12
9.270299999999999727e+02 6.009499785899999716e-12
9.272200000000000273e+02 5.830081194000000210e-12
9.274100000000000819e+02 5.605627729899999961e-12
9.276000000000000227e+02 5.438926944000000580e-12
9.277899999999999636e+02 5.557202318799999710e-12
9.279799999999999045e+02 5.739946051599999681e-12
9.281700000000000728e+02 5.738531687100000366e-12
9.283600000000000136e+02 5.605465530800000812e-12
9.285499999999999545e+02 5.490804000499999859e-12
9.287400000000000091e+02 5.489364206999999726e-12
9.289299999999999500e+02 5.559924728999999775e-12
9.291200000000001182e+02 5.517486208000000127e-12
9.293100000000000591e+02 5.382210382199999528e-12
9.295000000000000000e+02 5.168940204999999538e-12
9.296899999999999409e+02 5.009430033199999342e-12
9.298799999999998818e+02 4.909515332400000163e-12
9.300700000000000500e+02 5.021243314599999946e-12
9.302599999999999909e+02 5.175473602200000351e-12
9.304500000000000455e+02 4.986756079500000064e-12
9.306399999999999864e+02 4.691905317599999503e-12
9.308299999999999272e+02 4.978851428899999421e-12
9.310200000000000955e+02 5.342574478199999981e-12
9.312100000000000364e+02 5.012628933200000147e-12
9.313999999999999773e+02 4.349777709999999638e-12
9.315899999999999181e+02 4.311528942599999938e-12
9.317799999999999727e+02 4.810016080399999316e-12
9.319700000000000273e+02 4.733074882900000287e-12
9.321600000000000819e+02 4.373163388800000215e-12
9.323500000000000227e+02 4.240831268999999932e-12
9.325399999999999636e+02 4.623206930999999698e-12
9.327299999999999045e+02 5.059164829199999040e-12
9.329200000000000728e+02 4.951360949600000175e-12
9.331100000000000136e+02 4.516737617200000086e-12
9.332999999999999545e+02 4.337063765999999738e-12
9.334900000000000091e+02 4.337274587000000398e-12
9.336799999999999500e+02 4.460320075199999756e-12
9.338700000000001182e+02 4.311173500200000496e-12
9.340600000000000591e+02 3.501688193400000176e-12
9.342500000000000000e+02 3.325332080000000159e-12
9.344399999999999409e+02 4.187786303999999626e-12
9.346299999999998818e+02 5.080536524399999708e-12
9.348200000000000500e+02 5.311722025600000250e-12
9.350099999999999909e+02 4.695910073100000034e-12
9.352000000000000455e+02 3.947769112000000160e-12
9.353899999999999864e+02 3.816391200000000348e-12
9.355799999999999272e+02 3.899375814599999425e-12
9.357700000000000955e+02 4.479867867200000207e-12
9.359600000000000364e+02 5.064488919599999916e-12
9.361499999999999773e+02 4.972379447999999608e-12
9.363399999999999181e+02 4.517962224199999963e-12
9.365299999999999727e+02 4.229303922899999266e-12
9.367200000000000273e+02 3.882348446400000746e-12
9.369100000000000819e+02 3.929559814700000296e-12
9.371000000000000227e+02 4.483142626000000090e-12
9.372899999999999636e+02 4.951590595199999598e-12
9.374799999999999045e+02 4.701527823599999658e-12
9.376700000000000728e+02 4.282095095799999829e-12
9.378600000000000136e+02 4.244876281800000040e-12
9.380499999999999545e+02 4.627653923499999866e-12
9.382400000000000091e+02 4.993228838399999422e-12
9.384299999999999500e+02 4.952798932499999605e-12
9.386200000000001182e+02 5.112728843400000117e-12
9.388100000000000591e+02 5.575461156600000206e-12
9.390000000000000000e+02 5.862411750000000059e-12
9.391899999999999409e+02 5.847349980499999528e-12
9.393799999999998818e+02 5.682619615399999557e-12
9.395700000000000500e+02 5.500317945600000706e-12
9.397599999999999909e+02 5.231070666400000505e-12
9.399500000000000455e+02 5.295076731999999999e-12
9.401399999999999864e+02 5.664616140599999843e-12
9.403299999999999272e+02 5.876347849199999286e-12
9.405200000000000955e+02 5.783972275200000541e-12
9.407100000000000364e+02 5.496107582100000489e-12
9.408999999999999773e+02 5.283106454999999905e-12
9.410899999999999181e+02 5.442257593699999901e-12
9.412799999999999727e+02 5.719301995199999363e-12
9.414700000000000273e+02 5.741357086300000461e-12
9.416600000000000819e+02 5.718136184000000443e-12
9.418500000000000227e+02 5.801551119000000085e-12
9.420399999999999636e+02 6.055640368799999438e-12
9.422299999999999045e+02 5.826392272599999144e-12
9.424200000000000728e+02 4.993355824800000464e-12
9.426100000000000136e+02 4.538676576099999809e-12
9.427999999999999545e+02 4.988882768000000252e-12
9.429900000000000091e+02 5.861371232700000154e-12
9.431799999999999500e+02 6.209736779399999365e-12
9.433700000000001182e+02 5.650842902200000576e-12
9.435600000000000591e+02 4.914805892399999628e-12
9.437500000000000000e+02 4.313701937499999994e-12
9.439399999999999409e+02 3.981010313599999961e-12
9.441299999999998818e+02 4.387419316499999779e-12
9.443200000000000500e+02 5.147072819199999996e-12
9.445099999999999909e+02 5.745869914400000325e-12
9.447000000000000455e+02 6.005920803000000285e-12
9.448899999999999864e+02 6.012864208399999218e-12
9.450799999999999272e+02 5.646078034399999480e-12
9.452700000000000955e+02 5.268462345000000253e-12
9.454600000000000364e+02 5.105559636800000931e-12
9.456499999999999773e+02 5.015916730000000674e-12
9.458399999999999181e+02 4.824833882400000135e-12
9.460299999999999727e+02 5.279689366700000401e-12
9.462200000000000273e+02 5.772926068800000071e-12
9.464100000000000819e+02 5.907689966100000917e-12
9.466000000000000227e+02 5.667379394000000278e-12
9.467899999999999636e+02 5.788797142699999123e-12
9.469799999999999045e+02 5.841881740799999428e-12
9.471700000000000728e+02 5.750856315400000600e-12
9.473600000000000136e+02 5.942012444800000410e-12
9.475499999999999545e+02 6.095759709000000620e-12
9.477400000000000091e+02 5.485177933600000002e-12
9.479299999999999500e+02 5.079274360400000187e-12
9.481200000000001182e+02 5.619127992000000017e-12
9.483100000000000591e+02 6.335175471899999578e-12
9.485000000000000000e+02 6.789552699999999422e-12
9.486899999999999409e+02 7.065141089399999683e-12
9.488799999999998818e+02 6.809684763999999591e-12
9.490700000000000500e+02 6.016183202100000082e-12
9.492599999999999909e+02 5.524247047799999996e-12
9.494500000000000455e+02 5.601783483499999704e-12
9.496399999999999864e+02 5.484019057599999909e-12
9.498299999999999272e+02 5.180990209499999531e-12
9.500200000000000955e+02 5.587675632800000737e-12
9.502100000000000364e+02 6.446718749200000333e-12
9.503999999999999773e+02 6.974187264000000182e-12
9.505899999999999181e+02 7.180234035499999558e-12
9.507799999999999727e+02 7.296342766799999831e-12
9.509700000000000273e+02 7.175391979800001173e-12
9.511600000000000819e+02 6.824991510400000114e-12
9.513500000000000227e+02 6.166327240999999546e-12
9.515399999999999636e+02 5.826498274199999699e-12
9.517299999999999045e+02 5.787774683599999684e-12
9.519200000000000728e+02 5.722476599200000554e-12
9.521100000000000136e+02 5.838129055799999959e-12
9.522999999999999545e+02 6.213671792999999765e-12
9.524900000000000091e+02 6.248496323299999833e-12
9.526799999999999500e+02 6.178768095599998977e-12
9.528700000000001182e+02 6.556507896000000832e-12
9.530600000000000591e+02 6.657781711400000550e-12
9.532500000000000000e+02 6.509477340000000248e-12
9.534399999999999409e+02 6.443662155199999895e-12
9.536299999999998818e+02 6.624610129899999090e-12
9.538200000000000500e+02 6.649785046800000557e-12
9.540099999999999909e+02 6.276517650900000228e-12
9.542000000000000455e+02 5.801030273999999757e-12
9.543899999999999864e+02 5.931276164699999478e-12
9.545799999999999272e+02 6.564808938599999527e-12
9.547700000000000955e+02 6.760535416000000259e-12
9.549600000000000364e+02 6.582195494399999967e-12
9.551499999999999773e+02 6.154346649500000429e-12
9.553399999999999181e+02 6.042267558199999397e-12
9.555299999999999727e+02 6.321050721899999720e-12
9.557200000000000273e+02 6.740387329600000450e-12
9.559100000000000819e+02 6.765462584100000523e-12
9.561000000000000227e+02 6.431483918999999604e-12
9.562899999999999636e+02 6.319489458599999576e-12
9.564799999999999045e+02 6.499482460799999142e-12
9.566700000000000728e+02 6.732632091900000015e-12
9.568600000000000136e+02 7.011984903200000481e-12
9.570499999999999545e+02 7.188191999000000671e-12
9.572400000000000091e+02 7.401082935600000346e-12
9.574299999999999500e+02 7.371693987800000339e-12
9.576200000000001182e+02 6.927672061200000530e-12
9.578100000000000591e+02 6.517236161100000056e-12
9.580000000000000000e+02 6.646354919999999617e-12
9.581899999999999409e+02 7.068280172999999608e-12
9.583799999999998818e+02 6.922119977399998691e-12
9.585700000000000500e+02 6.252138625199999659e-12
9.587599999999999909e+02 5.929930600000000303e-12
9.589500000000000455e+02 6.042708350999999629e-12
9.591399999999999864e+02 6.371384783399999924e-12
9.593299999999999272e+02 6.471553840299999527e-12
9.595200000000000955e+02 6.331920456000000820e-12
9.597100000000000364e+02 6.632776543300000176e-12
9.598999999999999773e+02 7.099497192000000042e-12
9.600899999999999181e+02 7.172160327000000130e-12
9.602799999999999727e+02 7.076812268399999921e-12
9.604700000000000273e+02 7.087500224000000405e-12
9.606600000000000819e+02 7.158290743800000009e-12
9.608500000000000227e+02 7.329690488999999873e-12
9.610399999999999636e+02 7.258475639199999433e-12
9.612299999999999045e+02 7.167219249000000234e-12
9.614200000000000728e+02 7.123920301800000724e-12
9.616100000000000136e+02 7.017272046200000947e-12
9.617999999999999545e+02 6.795549810000000434e-12
9.619900000000000091e+02 6.723165331900000230e-12
9.621799999999999500e+02 6.850375215199999713e-12
9.623700000000001182e+02 6.844240708200000069e-12
9.625600000000000591e+02 7.032241971199999981e-12
9.627500000000000000e+02 7.343106055000000186e-12
9.629399999999999409e+02 7.490585077799998980e-12
9.631299999999998818e+02 7.209316988999998841e-12
9.633200000000000500e+02 6.428311425600000097e-12
9.635099999999999909e+02 6.080711610000000856e-12
9.637000000000000455e+02 6.424920441000000193e-12
9.638899999999999864e+02 6.856506209299999362e-12
9.640799999999999272e+02 6.714286955999999724e-12
9.642700000000000955e+02 6.512525296800000941e-12
9.644600000000000364e+02 6.606859627200000907e-12
9.646499999999999773e+02 6.939566695499999535e-12
9.648399999999999181e+02 7.170912793200000001e-12
9.650299999999999727e+02 7.219987748599999771e-12
9.652200000000000273e+02 7.139983297200000818e-12
9.654100000000000819e+02 7.231065711500000590e-12
9.656000000000000227e+02 7.418241312000000878e-12
9.657899999999999636e+02 7.184415231000000483e-12
9.659799999999999045e+02 7.097103358999998943e-12
9.661700000000000728e+02 7.040065336900000872e-12
9.663600000000000136e+02 7.384691193600000199e-12
9.665499999999999545e+02 7.395885951999999924e-12
9.667400000000000091e+02 7.344188436399998760e-12
9.669299999999999500e+02 7.271603678999999404e-12
9.671200000000001182e+02 7.149154135200000933e-12
9.673100000000000591e+02 7.319064057100001018e-12
9.675000000000000000e+02 7.634735999999999145e-12
9.676899999999999409e+02 7.893215084399999853e-12
9.678799999999998818e+02 7.646823049200000499e-12
9.680700000000000500e+02 7.711655300700000778e-12
9.682599999999999909e+02 7.765745360600000316e-12
9.684500000000000455e+02 7.646154862500000473e-12
9.686399999999999864e+02 7.669420300799999188e-12
9.688299999999999272e+02 7.868168767299998311e-12
9.690200000000000955e+02 8.164332657000000710e-12
9.692100000000000364e+02 8.409612251700000588e-12
9.693999999999999773e+02 8.301389042000000545e-12
9.695899999999999181e+02 8.012565713299999172e-12
9.697799999999999727e+02 7.805720428799998897e-12
9.699700000000000273e+02 7.678583210700000481e-12
9.701600000000000819e+02 7.572545073599999301e-12
9.703500000000000227e+02 7.659118102500000624e-12
9.705399999999999636e+02 7.944850145400000655e-12
9.707299999999999045e+02 8.405648143000000198e-12
9.709200000000000728e+02 8.681539435200001548e-12
9.711100000000000136e+02 8.495610168500001505e-12
9.712999999999999545e+02 8.526605614999999968e-12
9.714900000000000091e+02 8.490064837800000233e-12
9.716799999999999500e+02 8.611096177600000064e-12
9.718700000000001182e+02 8.487826645000000439e-12
9.720600000000000591e+02 8.323176264600001091e-12
9.722500000000000000e+02 8.092503429999999496e-12
9.724399999999999409e+02 7.935635517599999166e-12
9.726299999999998818e+02 7.945326933299998398e-12
9.728200000000000500e+02 8.163370388999999954e-12
9.730099999999999909e+02 8.308843753199999605e-12
9.732000000000000455e+02 8.082669300000000738e-12
9.733899999999999864e+02 7.879640719499999923e-12
9.735799999999999272e+02 7.970660516799998833e-12
9.737700000000000955e+02 7.887916770300000082e-12
9.739600000000000364e+02 7.465530014800000335e-12
9.741499999999999773e+02 7.321311998500000022e-12
9.743399999999999181e+02 7.562661442199999477e-12
9.745299999999999727e+02 7.609373872499999810e-12
9.747200000000000273e+02 7.465858092800001410e-12
9.749100000000000819e+02 7.550083254900000181e-12
9.751000000000000227e+02 7.682793397999999827e-12
9.752899999999999636e+02 7.697466572100000454e-12
9.754799999999999045e+02 7.696517690399999790e-12
9.756700000000000728e+02 7.711334682100000474e-12
9.758600000000000136e+02 7.702853323999999972e-12
9.760499999999999545e+02 7.737099547500000042e-12
9.762400000000000091e+02 7.943391532799999161e-12
9.764299999999999500e+02 8.113703670799999883e-12
9.766200000000001182e+02 8.085378382800001264e-12
9.768100000000000591e+02 8.305219575900000561e-12
9.770000000000000000e+02 8.338284660000000236e-12
9.771899999999999409e+02 8.437205038499999681e-12
9.773799999999998818e+02 8.593496364399999542e-12
9.775700000000000500e+02 8.410318205300000866e-12
9.777599999999999909e+02 7.948602144000000096e-12
9.779500000000000455e+02 7.820040262000000438e-12
9.781399999999999864e+02 8.038295831599999591e-12
9.783299999999999272e+02 8.213236882799999815e-12
9.785200000000000955e+02 8.330678946000001340e-12
9.787100000000000364e+02 8.616533478699999707e-12
9.788999999999999773e+02 8.722635284999999862e-12
9.790899999999999181e+02 8.875793531499999898e-12
9.792799999999999727e+02 8.966219130399999866e-12
9.794700000000000273e+02 9.016550263800000096e-12
9.796600000000000819e+02 8.908548006600001505e-12
9.798500000000000227e+02 8.717284517500000618e-12
9.800399999999999636e+02 8.623136750399999675e-12
9.802299999999999045e+02 8.647196967999999031e-12
9.804200000000000728e+02 8.696050882400000158e-12
9.806100000000000136e+02 8.786628425700000777e-12
9.807999999999999545e+02 8.755876223999999112e-12
9.809900000000000091e+02 8.538860686699999038e-12
9.811799999999999500e+02 8.175711785399999590e-12
9.813700000000001182e+02 8.257325689600000186e-12
9.815600000000000591e+02 8.407277343200000401e-12
9.817500000000000000e+02 8.490723780000001206e-12
9.819399999999999409e+02 8.480740836799999365e-12
9.821299999999998818e+02 8.499451232999998533e-12
9.823200000000000500e+02 8.312725828800000561e-12
9.825099999999999909e+02 8.373166372200000778e-12
9.827000000000000455e+02 8.349716916999999780e-12
9.828899999999999864e+02 8.339978912399999145e-12
9.830799999999999272e+02 8.380098336399998476e-12
9.832700000000000955e+02 8.438806615300000849e-12
9.834600000000000364e+02 8.448255776400000941e-12
9.836499999999999773e+02 8.557607452499999180e-12
9.838399999999999181e+02 8.804118523199999863e-12
9.840299999999999727e+02 8.992863204299999401e-12
9.842200000000000273e+02 8.970151553399999274e-12
9.844100000000000819e+02 9.157936697700001856e-12
9.846000000000000227e+02 9.056035727999998903e-12
9.847899999999999636e+02 8.904008328699999060e-12
9.849799999999999045e+02 8.985253504599999358e-12
9.851700000000000728e+02 9.383862470400000326e-12
9.853600000000000136e+02 9.248441156000000191e-12
9.855499999999999545e+02 9.216114581999999991e-12
9.857400000000000091e+02 9.383978650200000190e-12
9.859299999999999500e+02 9.169513794099999728e-12
9.861200000000001182e+02 9.243316930400001121e-12
9.863100000000000591e+02 1.017940961700000018e-11
9.865000000000000000e+02 9.935732050000000086e-12
9.866899999999999409e+02 8.621943892499999575e-12
9.868799999999998818e+02 9.061186751999998955e-12
9.870700000000000500e+02 9.338442243899999413e-12
9.872599999999999909e+02 9.076177358000000847e-12
9.874500000000000455e+02 9.235086627000001605e-12
9.876399999999999864e+02 9.388772502799999930e-12
9.878299999999999272e+02 9.531986558599999410e-12
9.880200000000000955e+02 9.683900186400000511e-12
9.882100000000000364e+02 9.887633976000000997e-12
9.883999999999999773e+02 1.011577980000000144e-11
9.885899999999999181e+02 9.895192746000000065e-12
9.887799999999999727e+02 9.601755833799999000e-12
9.889700000000000273e+02 9.436118799200002144e-12
9.891600000000000819e+02 9.014462370000001471e-12
9.893500000000000227e+02 8.483656462999999781e-12
9.895399999999999636e+02 8.361019276000000207e-12
9.897299999999999045e+02 8.178802109099999153e-12
9.899200000000000728e+02 7.638796873599999982e-12
9.901100000000000136e+02 7.225793076700000157e-12
9.902999999999999545e+02 6.887249312999999750e-12
9.904900000000000091e+02 6.646316663699999547e-12
9.906799999999999500e+02 6.791864316799999628e-12
9.908700000000001182e+02 6.690542505300001158e-12
9.910600000000000591e+02 6.763112367200000656e-12
9.912500000000000000e+02 6.967892750000000486e-12
9.914399999999999409e+02 7.014785003999999654e-12
9.916299999999998818e+02 7.240326947199999648e-12
9.918200000000000500e+02 7.116368009200000471e-12
9.920099999999999909e+02 6.997350857099999727e-12
9.922000000000000455e+02 7.145467208000000397e-12
9.923899999999999864e+02 7.359256599099999971e-12
9.925799999999999272e+02 7.630309862999999529e-12
9.927700000000000955e+02 7.724534888300001185e-12
9.929600000000000364e+02 7.552751647999999504e-12
9.931499999999999773e+02 7.507687630500000364e-12
9.933399999999999181e+02 8.004562188200000406e-12
9.935299999999999727e+02 8.312319068499998730e-12
9.937200000000000273e+02 8.290914013200000133e-12
9.939100000000000819e+02 8.315687162400001275e-12
